Angle,Magnet current (A),R2w,R2werr,Theta2w,R1w,R1werr,Theta1w,X2,Y2,X1,Y1,I_source (mA),f_source (Hz)
0.000000000000000,2.000000000000000,0.000012040200000,0.000000000000000,7.152000000000000,0.000025868500000,0.000000000000000,150.599999999999994,0.000011950800000,0.000001497570000,-0.000022649900000,0.000012636200000,5.000000000000000,3005.000000000000000
0.000000000000000,2.000000000000000,0.000010453200000,0.000000000000000,8.616000000000000,0.000029087200000,0.000000000000000,154.080000000000012,0.000010334000000,0.000001564630000,-0.000026226200000,0.000012636200000,5.000000000000000,3005.000000000000000
0.000000000000000,2.000000000000000,0.000009603860000,0.000000000000000,9.912000000000001,0.000030637000000,0.000000000000000,155.496000000000009,0.000009454840000,0.000001646590000,-0.000028014300000,0.000012636200000,5.000000000000000,3005.000000000000000
9.000000000000000,2.000000000000000,0.000010043400000,0.000000000000000,6.594000000000000,0.000051498600000,0.000000000000000,13.997999999999999,0.000009976390000,0.000001147400000,0.000049948900000,0.000012517000000,5.000000000000000,3005.000000000000000
9.000000000000000,2.000000000000000,0.000010117900000,0.000000000000000,7.872000000000000,0.000070691600000,0.000000000000000,10.199999999999999,0.000010021100000,0.000001385820000,0.000069618700000,0.000012517000000,5.000000000000000,3005.000000000000000
9.000000000000000,2.000000000000000,0.000010229700000,0.000000000000000,7.902000000000000,0.000081301200000,0.000000000000000,8.862000000000000,0.000010132800000,0.000001400720000,0.000080347500000,0.000012517000000,5.000000000000000,3005.000000000000000
18.000000000000000,2.000000000000000,0.000010885400000,0.000000000000000,3.618000000000000,0.000152946000000,0.000000000000000,4.572000000000000,0.000010863000000,0.000000685457000,0.000152589000000,0.000012159400000,5.000000000000000,3005.000000000000000
18.000000000000000,2.000000000000000,0.000011414300000,0.000000000000000,3.012000000000000,0.000168563000000,0.000000000000000,4.128000000000000,0.000011399400000,0.000000596050000,0.000168086000000,0.000012040200000,5.000000000000000,3005.000000000000000
18.000000000000000,2.000000000000000,0.000011794300000,0.000000000000000,3.468000000000000,0.000176908000000,0.000000000000000,3.954000000000000,0.000011779400000,0.000000707809000,0.000176550000000,0.000012159400000,5.000000000000000,3005.000000000000000
27.000000000000000,2.000000000000000,0.000013128000000,0.000000000000000,5.796000000000000,0.000222565000000,0.000000000000000,3.090000000000000,0.000013060900000,0.000001326210000,0.000222207000000,0.000011921000000,5.000000000000000,3005.000000000000000
27.000000000000000,2.000000000000000,0.000013344000000,0.000000000000000,5.934000000000000,0.000231982000000,0.000000000000000,2.982000000000000,0.000013269500000,0.000001378360000,0.000231625000000,0.000012040200000,5.000000000000000,3005.000000000000000
27.000000000000000,2.000000000000000,0.000013649500000,0.000000000000000,6.084000000000000,0.000237227000000,0.000000000000000,2.934000000000000,0.000013567600000,0.000001445420000,0.000236870000000,0.000012040200000,5.000000000000000,3005.000000000000000
36.000000000000000,2.000000000000000,0.000013858100000,0.000000000000000,5.628000000000000,0.000253679000000,0.000000000000000,2.682000000000000,0.000013791100000,0.000001356010000,0.000253441000000,0.000011801800000,5.000000000000000,3005.000000000000000
36.000000000000000,2.000000000000000,0.000013977300000,0.000000000000000,5.634000000000000,0.000256421000000,0.000000000000000,2.664000000000000,0.000013910300000,0.000001370910000,0.000256183000000,0.000011921000000,5.000000000000000,3005.000000000000000
36.000000000000000,2.000000000000000,0.000014171100000,0.000000000000000,5.532000000000000,0.000257971000000,0.000000000000000,2.682000000000000,0.000014104000000,0.000001363460000,0.000257613000000,0.000012040200000,5.000000000000000,3005.000000000000000
45.000000000000000,2.000000000000000,0.000013031100000,0.000000000000000,7.818000000000000,0.000243665000000,0.000000000000000,2.886000000000000,0.000012911900000,0.000001773250000,0.000243307000000,0.000012159400000,5.000000000000000,3005.000000000000000
45.000000000000000,2.000000000000000,0.000012770400000,0.000000000000000,8.070000000000000,0.000239492000000,0.000000000000000,2.952000000000000,0.000012643700000,0.000001788150000,0.000239135000000,0.000012278600000,5.000000000000000,3005.000000000000000
45.000000000000000,2.000000000000000,0.000012382900000,0.000000000000000,8.262000000000000,0.000237347000000,0.000000000000000,2.976000000000000,0.000012256300000,0.000001773250000,0.000236989000000,0.000012278600000,5.000000000000000,3005.000000000000000
54.000000000000000,2.000000000000000,0.000011220600000,0.000000000000000,8.298000000000000,0.000192643000000,0.000000000000000,3.666000000000000,0.000011101400000,0.000001616780000,0.000192286000000,0.000012278600000,5.000000000000000,3005.000000000000000
54.000000000000000,2.000000000000000,0.000010408500000,0.000000000000000,9.654000000000000,0.000182034000000,0.000000000000000,3.882000000000000,0.000010259500000,0.000001743440000,0.000181557000000,0.000012278600000,5.000000000000000,3005.000000000000000
54.000000000000000,2.000000000000000,0.000009894430000,0.000000000000000,10.949999999999999,0.000176073000000,0.000000000000000,4.038000000000000,0.000009715620000,0.000001877550000,0.000175596000000,0.000012397800000,5.000000000000000,3005.000000000000000
63.000000000000000,2.000000000000000,0.000008210600000,0.000000000000000,9.342000000000001,0.000107289000000,0.000000000000000,6.630000000000000,0.000008106290000,0.000001326210000,0.000106574000000,0.000012397800000,5.000000000000000,3005.000000000000000
63.000000000000000,2.000000000000000,0.000007167490000,0.000000000000000,9.474000000000000,0.000091195600000,0.000000000000000,7.896000000000000,0.000007070630000,0.000001177200000,0.000090361100000,0.000012517000000,5.000000000000000,3005.000000000000000
63.000000000000000,2.000000000000000,0.000006429880000,0.000000000000000,11.417999999999999,0.000082493300000,0.000000000000000,8.874000000000001,0.000006303220000,0.000001266610000,0.000081420400000,0.000012636200000,5.000000000000000,3005.000000000000000
72.000000000000000,2.000000000000000,0.000006429880000,0.000000000000000,7.626000000000000,0.000014424400000,0.000000000000000,118.926000000000002,0.000006370280000,0.000000849370000,-0.000007033380000,0.000012636200000,5.000000000000000,3005.000000000000000
72.000000000000000,2.000000000000000,0.000006251070000,0.000000000000000,6.120000000000000,0.000030040900000,0.000000000000000,154.967999999999989,0.000006213810000,0.000000663105000,-0.000027299000000,0.000012636200000,5.000000000000000,3005.000000000000000
72.000000000000000,2.000000000000000,0.000005953040000,0.000000000000000,4.428000000000000,0.000040412200000,0.000000000000000,161.651999999999987,0.000005938140000,0.000000454487000,-0.000038504800000,0.000012636200000,5.000000000000000,3005.000000000000000
81.000000000000000,2.000000000000000,0.000009834820000,0.000000000000000,8.375999999999999,0.000137092000000,0.000000000000000,174.587999999999994,0.000009730520000,0.000001430520000,-0.000136615000000,0.000012874700000,5.000000000000000,3005.000000000000000
81.000000000000000,2.000000000000000,0.000010825800000,0.000000000000000,6.366000000000000,0.000159145000000,0.000000000000000,175.313999999999993,0.000010758700000,0.000001199550000,-0.000158668000000,0.000012993900000,5.000000000000000,3005.000000000000000
81.000000000000000,2.000000000000000,0.000011332400000,0.000000000000000,4.962000000000000,0.000171305000000,0.000000000000000,175.608000000000004,0.000011287700000,0.000000976033000,-0.000170947000000,0.000013113100000,5.000000000000000,3005.000000000000000
90.000000000000000,2.000000000000000,0.000015214100000,0.000000000000000,2.460000000000000,0.000271561000000,0.000000000000000,177.156000000000006,0.000015199200000,0.000000648204000,-0.000271322000000,0.000013351500000,5.000000000000000,3005.000000000000000
90.000000000000000,2.000000000000000,0.000016465900000,0.000000000000000,1.020000000000000,0.000294210000000,0.000000000000000,177.389999999999986,0.000016465900000,0.000000290574000,-0.000293972000000,0.000013351500000,5.000000000000000,3005.000000000000000
90.000000000000000,2.000000000000000,0.000016875700000,0.000000000000000,0.636000000000000,0.000306489000000,0.000000000000000,177.497999999999990,0.000016875700000,0.000000186265000,-0.000306251000000,0.000013351500000,5.000000000000000,3005.000000000000000
99.000000000000000,2.000000000000000,0.000018075200000,0.000000000000000,-0.252000000000000,0.000396015000000,0.000000000000000,178.044000000000011,0.000018075200000,-0.000000081956800,-0.000396015000000,0.000013470700000,5.000000000000000,3005.000000000000000
99.000000000000000,2.000000000000000,0.000018611700000,0.000000000000000,-0.720000000000000,0.000415804000000,0.000000000000000,178.127999999999986,0.000018611700000,-0.000000238420000,-0.000415804000000,0.000013589900000,5.000000000000000,3005.000000000000000
99.000000000000000,2.000000000000000,0.000018932000000,0.000000000000000,-0.930000000000000,0.000426771000000,0.000000000000000,178.175999999999988,0.000018932000000,-0.000000312926000,-0.000426652000000,0.000013589900000,5.000000000000000,3005.000000000000000
108.000000000000000,2.000000000000000,0.000018842600000,0.000000000000000,2.454000000000000,0.000500206000000,0.000000000000000,178.427999999999997,0.000018820300000,0.000000804666000,-0.000500087000000,0.000013709100000,5.000000000000000,3005.000000000000000
108.000000000000000,2.000000000000000,0.000018611700000,0.000000000000000,2.466000000000000,0.000515942000000,0.000000000000000,178.469999999999999,0.000018589300000,0.000000797216000,-0.000515942000000,0.000013709100000,5.000000000000000,3005.000000000000000
108.000000000000000,2.000000000000000,0.000018447800000,0.000000000000000,2.694000000000000,0.000524644000000,0.000000000000000,178.487999999999999,0.000018425400000,0.000000864271000,-0.000524525000000,0.000013828300000,5.000000000000000,3005.000000000000000
117.000000000000000,2.000000000000000,0.000018373200000,0.000000000000000,0.750000000000000,0.000572328000000,0.000000000000000,178.614000000000004,0.000018373200000,0.000000238420000,-0.000572208000000,0.000013828300000,5.000000000000000,3005.000000000000000
117.000000000000000,2.000000000000000,0.000018231700000,0.000000000000000,1.590000000000000,0.000582103000000,0.000000000000000,178.620000000000004,0.000018224200000,0.000000506643000,-0.000581983000000,0.000013947500000,5.000000000000000,3005.000000000000000
117.000000000000000,2.000000000000000,0.000018254000000,0.000000000000000,2.382000000000000,0.000587467000000,0.000000000000000,178.632000000000005,0.000018239100000,0.000000759963000,-0.000587467000000,0.000013947500000,5.000000000000000,3005.000000000000000
126.000000000000000,2.000000000000000,0.000017084300000,0.000000000000000,1.902000000000000,0.000604514000000,0.000000000000000,178.680000000000007,0.000017076800000,0.000000566248000,-0.000604514000000,0.000013828300000,5.000000000000000,3005.000000000000000
126.000000000000000,2.000000000000000,0.000016890600000,0.000000000000000,1.944000000000000,0.000607494000000,0.000000000000000,178.686000000000007,0.000016883100000,0.000000566248000,-0.000607494000000,0.000013828300000,5.000000000000000,3005.000000000000000
126.000000000000000,2.000000000000000,0.000016533000000,0.000000000000000,1.962000000000000,0.000609163000000,0.000000000000000,178.698000000000007,0.000016525500000,0.000000566248000,-0.000609044000000,0.000013828300000,5.000000000000000,3005.000000000000000
135.000000000000000,2.000000000000000,0.000017032100000,0.000000000000000,2.694000000000000,0.000594620000000,0.000000000000000,178.656000000000006,0.000017009800000,0.000000797216000,-0.000594620000000,0.000013828300000,5.000000000000000,3005.000000000000000
135.000000000000000,2.000000000000000,0.000016972500000,0.000000000000000,3.510000000000000,0.000590328000000,0.000000000000000,178.650000000000006,0.000016942700000,0.000001035640000,-0.000590328000000,0.000013828300000,5.000000000000000,3005.000000000000000
135.000000000000000,2.000000000000000,0.000016972500000,0.000000000000000,3.378000000000000,0.000587944000000,0.000000000000000,178.650000000000006,0.000016942700000,0.000000998385000,-0.000587944000000,0.000013828300000,5.000000000000000,3005.000000000000000
144.000000000000000,2.000000000000000,0.000016525500000,0.000000000000000,1.362000000000000,0.000542168000000,0.000000000000000,178.548000000000002,0.000016525500000,0.000000387432000,-0.000542048000000,0.000013709100000,5.000000000000000,3005.000000000000000
144.000000000000000,2.000000000000000,0.000016562800000,0.000000000000000,1.662000000000000,0.000531081000000,0.000000000000000,178.518000000000000,0.000016555300000,0.000000476841000,-0.000531081000000,0.000013709100000,5.000000000000000,3005.000000000000000
144.000000000000000,2.000000000000000,0.000016756500000,0.000000000000000,1.848000000000000,0.000524882000000,0.000000000000000,178.494000000000000,0.000016749000000,0.000000536445000,-0.000524882000000,0.000013709100000,5.000000000000000,3005.000000000000000
153.000000000000000,2.000000000000000,0.000017166300000,0.000000000000000,0.666000000000000,0.000452878000000,0.000000000000000,178.277999999999991,0.000017166300000,0.000000193716000,-0.000452759000000,0.000013589900000,5.000000000000000,3005.000000000000000
153.000000000000000,2.000000000000000,0.000017099200000,0.000000000000000,1.116000000000000,0.000436069000000,0.000000000000000,178.223999999999989,0.000017099200000,0.000000327827000,-0.000436069000000,0.000013470700000,5.000000000000000,3005.000000000000000
153.000000000000000,2.000000000000000,0.000017069400000,0.000000000000000,1.164000000000000,0.000426890000000,0.000000000000000,178.175999999999988,0.000017061900000,0.000000342729000,-0.000426771000000,0.000013589900000,5.000000000000000,3005.000000000000000
162.000000000000000,2.000000000000000,0.000015430300000,0.000000000000000,0.990000000000000,0.000335934000000,0.000000000000000,177.725999999999999,0.000015430300000,0.000000260772000,-0.000335814000000,0.000013232300000,5.000000000000000,3005.000000000000000
162.000000000000000,2.000000000000000,0.000014692600000,0.000000000000000,0.438000000000000,0.000315072000000,0.000000000000000,177.587999999999994,0.000014692600000,0.000000111759000,-0.000314953000000,0.000013232300000,5.000000000000000,3005.000000000000000
162.000000000000000,2.000000000000000,0.000014156200000,0.000000000000000,1.050000000000000,0.000303509000000,0.000000000000000,177.497999999999990,0.000014156200000,0.000000253322000,-0.000303390000000,0.000013232300000,5.000000000000000,3005.000000000000000
171.000000000000000,2.000000000000000,0.000010751200000,0.000000000000000,4.518000000000000,0.000204564000000,0.000000000000000,176.322000000000003,0.000010714000000,0.000000841919000,-0.000204206000000,0.000013113100000,5.000000000000000,3005.000000000000000
171.000000000000000,2.000000000000000,0.000009752870000,0.000000000000000,4.626000000000000,0.000182034000000,0.000000000000000,175.925999999999988,0.000009715620000,0.000000782315000,-0.000181676000000,0.000012874700000,5.000000000000000,3005.000000000000000
171.000000000000000,2.000000000000000,0.000008866250000,0.000000000000000,3.624000000000000,0.000169517000000,0.000000000000000,175.650000000000006,0.000008843900000,0.000000558797000,-0.000169159000000,0.000012755500000,5.000000000000000,3005.000000000000000
180.000000000000000,2.000000000000000,0.000005632670000,0.000000000000000,9.528000000000000,0.000070810800000,0.000000000000000,169.650000000000006,0.000005558160000,0.000000931326000,-0.000069737900000,0.000012636200000,5.000000000000000,3005.000000000000000
180.000000000000000,2.000000000000000,0.000004686440000,0.000000000000000,11.406000000000001,0.000049233700000,0.000000000000000,164.969999999999999,0.000004589590000,0.000000923876000,-0.000047683900000,0.000012755500000,5.000000000000000,3005.000000000000000
180.000000000000000,2.000000000000000,0.000004127650000,0.000000000000000,19.103999999999999,0.000037789600000,0.000000000000000,160.092000000000013,0.000003904130000,0.000001348560000,-0.000035643800000,0.000012755500000,5.000000000000000,3005.000000000000000
189.000000000000000,2.000000000000000,0.000004217060000,0.000000000000000,18.978000000000002,0.000055432600000,0.000000000000000,12.779999999999999,0.000003986090000,0.000001370910000,0.000054002000000,0.000012159400000,5.000000000000000,3005.000000000000000
189.000000000000000,2.000000000000000,0.000004328820000,0.000000000000000,14.334000000000000,0.000074744700000,0.000000000000000,9.438000000000001,0.000004194710000,0.000001072890000,0.000073791000000,0.000012159400000,5.000000000000000,3005.000000000000000
189.000000000000000,2.000000000000000,0.000004649190000,0.000000000000000,10.907999999999999,0.000085473500000,0.000000000000000,8.286000000000000,0.000004559780000,0.000000879172000,0.000084639100000,0.000012278600000,5.000000000000000,3005.000000000000000
198.000000000000000,2.000000000000000,0.000006958870000,0.000000000000000,8.316000000000001,0.000156046000000,0.000000000000000,4.530000000000000,0.000006884370000,0.000001005840000,0.000155569000000,0.000012278600000,5.000000000000000,3005.000000000000000
198.000000000000000,2.000000000000000,0.000007711410000,0.000000000000000,4.908000000000000,0.000171305000000,0.000000000000000,4.104000000000000,0.000007681610000,0.000000655655000,0.000170828000000,0.000012159400000,5.000000000000000,3005.000000000000000
198.000000000000000,2.000000000000000,0.000007957280000,0.000000000000000,5.238000000000000,0.000179649000000,0.000000000000000,3.912000000000000,0.000007920030000,0.000000722710000,0.000179172000000,0.000012159400000,5.000000000000000,3005.000000000000000
207.000000000000000,2.000000000000000,0.000010453200000,0.000000000000000,7.842000000000000,0.000224591000000,0.000000000000000,3.096000000000000,0.000010356400000,0.000001423070000,0.000224234000000,0.000012040200000,5.000000000000000,3005.000000000000000
207.000000000000000,2.000000000000000,0.000010818300000,0.000000000000000,8.148000000000000,0.000233770000000,0.000000000000000,2.940000000000000,0.000010706500000,0.000001527380000,0.000233413000000,0.000011921000000,5.000000000000000,3005.000000000000000
207.000000000000000,2.000000000000000,0.000011064200000,0.000000000000000,9.084000000000000,0.000238777000000,0.000000000000000,2.850000000000000,0.000010922600000,0.000001743440000,0.000238420000000,0.000011801800000,5.000000000000000,3005.000000000000000
216.000000000000000,2.000000000000000,0.000012546800000,0.000000000000000,7.692000000000000,0.000254156000000,0.000000000000000,2.748000000000000,0.000012435100000,0.000001676390000,0.000253918000000,0.000012159400000,5.000000000000000,3005.000000000000000
216.000000000000000,2.000000000000000,0.000012725600000,0.000000000000000,7.158000000000000,0.000256898000000,0.000000000000000,2.748000000000000,0.000012628800000,0.000001579530000,0.000256540000000,0.000012278600000,5.000000000000000,3005.000000000000000
216.000000000000000,2.000000000000000,0.000012755500000,0.000000000000000,6.420000000000000,0.000258209000000,0.000000000000000,2.736000000000000,0.000012673500000,0.000001423070000,0.000257971000000,0.000012397800000,5.000000000000000,3005.000000000000000
225.000000000000000,2.000000000000000,0.000012971500000,0.000000000000000,4.716000000000000,0.000243546000000,0.000000000000000,2.886000000000000,0.000012919400000,0.000001065440000,0.000243307000000,0.000012159400000,5.000000000000000,3005.000000000000000
225.000000000000000,2.000000000000000,0.000012904500000,0.000000000000000,4.800000000000000,0.000239254000000,0.000000000000000,2.952000000000000,0.000012852300000,0.000001072890000,0.000238896000000,0.000012278600000,5.000000000000000,3005.000000000000000
225.000000000000000,2.000000000000000,0.000012800200000,0.000000000000000,4.002000000000000,0.000236870000000,0.000000000000000,2.982000000000000,0.000012770400000,0.000000886623000,0.000236512000000,0.000012278600000,5.000000000000000,3005.000000000000000
234.000000000000000,2.000000000000000,0.000011257900000,0.000000000000000,8.340000000000000,0.000192405000000,0.000000000000000,3.636000000000000,0.000011138700000,0.000001631680000,0.000192047000000,0.000012159400000,5.000000000000000,3005.000000000000000
234.000000000000000,2.000000000000000,0.000010572400000,0.000000000000000,10.320000000000000,0.000181557000000,0.000000000000000,3.852000000000000,0.000010393600000,0.000001892450000,0.000181199000000,0.000012159400000,5.000000000000000,3005.000000000000000
234.000000000000000,2.000000000000000,0.000010147700000,0.000000000000000,10.439999999999999,0.000175715000000,0.000000000000000,3.978000000000000,0.000009983840000,0.000001832850000,0.000175239000000,0.000012159400000,5.000000000000000,3005.000000000000000
243.000000000000000,2.000000000000000,0.000007808270000,0.000000000000000,7.500000000000000,0.000106812000000,0.000000000000000,6.624000000000000,0.000007741210000,0.000001013290000,0.000106097000000,0.000012278600000,5.000000000000000,3005.000000000000000
243.000000000000000,2.000000000000000,0.000007092980000,0.000000000000000,6.798000000000000,0.000091076400000,0.000000000000000,7.782000000000000,0.000007040830000,0.000000834469000,0.000090241900000,0.000012278600000,5.000000000000000,3005.000000000000000
243.000000000000000,2.000000000000000,0.000006623600000,0.000000000000000,7.284000000000000,0.000082374100000,0.000000000000000,8.694000000000001,0.000006571440000,0.000000834469000,0.000081420400000,0.000012397800000,5.000000000000000,3005.000000000000000
252.000000000000000,2.000000000000000,0.000006645950000,0.000000000000000,8.189999999999999,0.000014066800000,0.000000000000000,116.561999999999998,0.000006578890000,0.000000946227000,-0.000006437330000,0.000012636200000,5.000000000000000,3005.000000000000000
252.000000000000000,2.000000000000000,0.000006586340000,0.000000000000000,8.555999999999999,0.000029325600000,0.000000000000000,154.133999999999986,0.000006511840000,0.000000976033000,-0.000026464600000,0.000012755500000,5.000000000000000,3005.000000000000000
252.000000000000000,2.000000000000000,0.000006519290000,0.000000000000000,9.827999999999999,0.000039458500000,0.000000000000000,161.015999999999991,0.000006422430000,0.000001110140000,-0.000037431900000,0.000012755500000,5.000000000000000,3005.000000000000000
261.000000000000000,2.000000000000000,0.000009380340000,0.000000000000000,4.602000000000000,0.000135900000000,0.000000000000000,174.485999999999990,0.000009350540000,0.000000752512000,-0.000135423000000,0.000012993900000,5.000000000000000,3005.000000000000000
261.000000000000000,2.000000000000000,0.000010386200000,0.000000000000000,5.304000000000000,0.000158072000000,0.000000000000000,175.259999999999991,0.000010341500000,0.000000953682000,-0.000157596000000,0.000012993900000,5.000000000000000,3005.000000000000000
261.000000000000000,2.000000000000000,0.000011123800000,0.000000000000000,5.466000000000000,0.000170351000000,0.000000000000000,175.602000000000004,0.000011071600000,0.000001057990000,-0.000169874000000,0.000012993900000,5.000000000000000,3005.000000000000000
270.000000000000000,2.000000000000000,0.000014752200000,0.000000000000000,1.734000000000000,0.000270130000000,0.000000000000000,177.186000000000007,0.000014752200000,0.000000439586000,-0.000269892000000,0.000013232300000,5.000000000000000,3005.000000000000000
270.000000000000000,2.000000000000000,0.000015869900000,0.000000000000000,2.190000000000000,0.000292422000000,0.000000000000000,177.389999999999986,0.000015855000000,0.000000603501000,-0.000292184000000,0.000013232300000,5.000000000000000,3005.000000000000000
270.000000000000000,2.000000000000000,0.000016272200000,0.000000000000000,1.500000000000000,0.000304701000000,0.000000000000000,177.491999999999990,0.000016272200000,0.000000424685000,-0.000304582000000,0.000013232300000,5.000000000000000,3005.000000000000000
279.000000000000000,2.000000000000000,0.000017732500000,0.000000000000000,1.230000000000000,0.000394704000000,0.000000000000000,178.044000000000011,0.000017732500000,0.000000379981000,-0.000394585000000,0.000013351500000,5.000000000000000,3005.000000000000000
279.000000000000000,2.000000000000000,0.000018119900000,0.000000000000000,1.578000000000000,0.000414373000000,0.000000000000000,178.127999999999986,0.000018112500000,0.000000499193000,-0.000414254000000,0.000013470700000,5.000000000000000,3005.000000000000000
279.000000000000000,2.000000000000000,0.000018477600000,0.000000000000000,1.572000000000000,0.000425102000000,0.000000000000000,178.169999999999987,0.000018470100000,0.000000506643000,-0.000424983000000,0.000013589900000,5.000000000000000,3005.000000000000000
288.000000000000000,2.000000000000000,0.000018857500000,0.000000000000000,1.902000000000000,0.000498537000000,0.000000000000000,178.439999999999998,0.000018842600000,0.000000625852000,-0.000498418000000,0.000013589900000,5.000000000000000,3005.000000000000000
288.000000000000000,2.000000000000000,0.000018656400000,0.000000000000000,1.716000000000000,0.000514392000000,0.000000000000000,178.494000000000000,0.000018648900000,0.000000558797000,-0.000514392000000,0.000013470700000,5.000000000000000,3005.000000000000000
288.000000000000000,2.000000000000000,0.000018507400000,0.000000000000000,1.158000000000000,0.000523213000000,0.000000000000000,178.524000000000001,0.000018499900000,0.000000372531000,-0.000523213000000,0.000013351500000,5.000000000000000,3005.000000000000000
297.000000000000000,2.000000000000000,0.000019051300000,0.000000000000000,2.586000000000000,0.000571731000000,0.000000000000000,178.596000000000003,0.000019028900000,0.000000856820000,-0.000571612000000,0.000013947500000,5.000000000000000,3005.000000000000000
297.000000000000000,2.000000000000000,0.000018842600000,0.000000000000000,2.754000000000000,0.000581745000000,0.000000000000000,178.626000000000005,0.000018820300000,0.000000901524000,-0.000581745000000,0.000013828300000,5.000000000000000,3005.000000000000000
297.000000000000000,2.000000000000000,0.000018581900000,0.000000000000000,2.982000000000000,0.000586990000000,0.000000000000000,178.650000000000006,0.000018552100000,0.000000961132000,-0.000586990000000,0.000013828300000,5.000000000000000,3005.000000000000000
306.000000000000000,2.000000000000000,0.000018306200000,0.000000000000000,2.628000000000000,0.000605229000000,0.000000000000000,178.680000000000007,0.000018291300000,0.000000834469000,-0.000605229000000,0.000013828300000,5.000000000000000,3005.000000000000000
306.000000000000000,2.000000000000000,0.000018418000000,0.000000000000000,1.122000000000000,0.000608448000000,0.000000000000000,178.680000000000007,0.000018410500000,0.000000357630000,-0.000608448000000,0.000013947500000,5.000000000000000,3005.000000000000000
306.000000000000000,2.000000000000000,0.000018425400000,0.000000000000000,-0.312000000000000,0.000610355000000,0.000000000000000,178.692000000000007,0.000018425400000,-0.000000104309000,-0.000610236000000,0.000013828300000,5.000000000000000,3005.000000000000000
315.000000000000000,2.000000000000000,0.000018418000000,0.000000000000000,1.992000000000000,0.000596527000000,0.000000000000000,178.662000000000006,0.000018403100000,0.000000633303000,-0.000596527000000,0.000013828300000,5.000000000000000,3005.000000000000000
315.000000000000000,2.000000000000000,0.000018596800000,0.000000000000000,1.128000000000000,0.000592474000000,0.000000000000000,178.644000000000005,0.000018589300000,0.000000365080000,-0.000592474000000,0.000013947500000,5.000000000000000,3005.000000000000000
315.000000000000000,2.000000000000000,0.000018634000000,0.000000000000000,0.366000000000000,0.000590209000000,0.000000000000000,178.650000000000006,0.000018634000000,0.000000119210000,-0.000590209000000,0.000013828300000,5.000000000000000,3005.000000000000000
324.000000000000000,2.000000000000000,0.000020548800000,0.000000000000000,-0.018000000000000,0.000545744000000,0.000000000000000,178.536000000000001,0.000020548800000,-0.000000007450640,-0.000545625000000,0.000013828300000,5.000000000000000,3005.000000000000000
324.000000000000000,2.000000000000000,0.000020951100000,0.000000000000000,0.312000000000000,0.000534777000000,0.000000000000000,178.506000000000000,0.000020951100000,0.000000111759000,-0.000534657000000,0.000013828300000,5.000000000000000,3005.000000000000000
324.000000000000000,2.000000000000000,0.000021085300000,0.000000000000000,0.378000000000000,0.000528816000000,0.000000000000000,178.487999999999999,0.000021085300000,0.000000134111000,-0.000528697000000,0.000013828300000,5.000000000000000,3005.000000000000000
333.000000000000000,2.000000000000000,0.000021577000000,0.000000000000000,0.318000000000000,0.000457885000000,0.000000000000000,178.307999999999993,0.000021577000000,0.000000119210000,-0.000457766000000,0.000013470700000,5.000000000000000,3005.000000000000000
333.000000000000000,2.000000000000000,0.000021845200000,0.000000000000000,0.612000000000000,0.000441315000000,0.000000000000000,178.253999999999990,0.000021845200000,0.000000230969000,-0.000441195000000,0.000013351500000,5.000000000000000,3005.000000000000000
333.000000000000000,2.000000000000000,0.000022001700000,0.000000000000000,0.450000000000000,0.000432016000000,0.000000000000000,178.223999999999989,0.000022001700000,0.000000171364000,-0.000432016000000,0.000013351500000,5.000000000000000,3005.000000000000000
342.000000000000000,2.000000000000000,0.000021144900000,0.000000000000000,0.708000000000000,0.000341298000000,0.000000000000000,177.750000000000000,0.000021144900000,0.000000253322000,-0.000341060000000,0.000013351500000,5.000000000000000,3005.000000000000000
342.000000000000000,2.000000000000000,0.000020265700000,0.000000000000000,0.546000000000000,0.000320556000000,0.000000000000000,177.617999999999995,0.000020265700000,0.000000186265000,-0.000320317000000,0.000013232300000,5.000000000000000,3005.000000000000000
342.000000000000000,2.000000000000000,0.000019796300000,0.000000000000000,0.192000000000000,0.000308992000000,0.000000000000000,177.539999999999992,0.000019796300000,0.000000059605100,-0.000308873000000,0.000013232300000,5.000000000000000,3005.000000000000000
351.000000000000000,2.000000000000000,0.000016339200000,0.000000000000000,2.058000000000000,0.000209809000000,0.000000000000000,176.466000000000008,0.000016331800000,0.000000581149000,-0.000209571000000,0.000012874700000,5.000000000000000,3005.000000000000000
351.000000000000000,2.000000000000000,0.000015333400000,0.000000000000000,2.214000000000000,0.000187517000000,0.000000000000000,176.063999999999993,0.000015326000000,0.000000588600000,-0.000187160000000,0.000012755500000,5.000000000000000,3005.000000000000000
351.000000000000000,2.000000000000000,0.000014618100000,0.000000000000000,1.884000000000000,0.000175119000000,0.000000000000000,175.764000000000010,0.000014610600000,0.000000476841000,-0.000174762000000,0.000012874700000,5.000000000000000,3005.000000000000000
360.000000000000000,2.000000000000000,0.000011123800000,0.000000000000000,4.086000000000000,0.000075221500000,0.000000000000000,170.262000000000000,0.000011094000000,0.000000789765000,-0.000074267900000,0.000012636200000,5.000000000000000,3005.000000000000000
360.000000000000000,2.000000000000000,0.000010065800000,0.000000000000000,4.098000000000000,0.000053286800000,0.000000000000000,166.259999999999991,0.000010043400000,0.000000715259000,-0.000051856300000,0.000012636200000,5.000000000000000,3005.000000000000000
360.000000000000000,2.000000000000000,0.000009745420000,0.000000000000000,5.022000000000000,0.000041365900000,0.000000000000000,162.318000000000012,0.000009700710000,0.000000849370000,-0.000039577700000,0.000012517000000,5.000000000000000,3005.000000000000000
0.000000000000000,1.500000000000000,0.000012897000000,0.000000000000000,3.792000000000000,0.000059247200000,0.000000000000000,12.144000000000000,0.000012867200000,0.000000849370000,0.000057816700000,0.000012397800000,5.000000000000000,3005.000000000000000
0.000000000000000,1.500000000000000,0.000011190800000,0.000000000000000,4.506000000000000,0.000074863900000,0.000000000000000,9.522000000000000,0.000011153600000,0.000000879172000,0.000073910200000,0.000012397800000,5.000000000000000,3005.000000000000000
0.000000000000000,1.500000000000000,0.000010490500000,0.000000000000000,5.904000000000000,0.000084043000000,0.000000000000000,8.484000000000000,0.000010438300000,0.000001072890000,0.000083089300000,0.000012278600000,5.000000000000000,3005.000000000000000
9.000000000000000,1.500000000000000,0.000011146100000,0.000000000000000,6.282000000000000,0.000153900000000,0.000000000000000,4.572000000000000,0.000011079100000,0.000001214450000,0.000153423000000,0.000012159400000,5.000000000000000,3005.000000000000000
9.000000000000000,1.500000000000000,0.000011600600000,0.000000000000000,6.498000000000000,0.000169278000000,0.000000000000000,4.158000000000000,0.000011526100000,0.000001311310000,0.000168801000000,0.000012159400000,5.000000000000000,3005.000000000000000
9.000000000000000,1.500000000000000,0.000011734700000,0.000000000000000,7.074000000000000,0.000177742000000,0.000000000000000,3.930000000000000,0.000011652800000,0.000001445420000,0.000177384000000,0.000012159400000,5.000000000000000,3005.000000000000000
18.000000000000000,1.500000000000000,0.000013463300000,0.000000000000000,7.194000000000000,0.000223399000000,0.000000000000000,3.132000000000000,0.000013358900000,0.000001683840000,0.000223042000000,0.000012159400000,5.000000000000000,3005.000000000000000
18.000000000000000,1.500000000000000,0.000013612300000,0.000000000000000,7.116000000000000,0.000232578000000,0.000000000000000,2.988000000000000,0.000013508000000,0.000001683840000,0.000232221000000,0.000012040200000,5.000000000000000,3005.000000000000000
18.000000000000000,1.500000000000000,0.000013627200000,0.000000000000000,7.530000000000000,0.000237823000000,0.000000000000000,2.940000000000000,0.000013508000000,0.000001780700000,0.000237466000000,0.000012159400000,5.000000000000000,3005.000000000000000
27.000000000000000,1.500000000000000,0.000013493100000,0.000000000000000,8.460000000000001,0.000253918000000,0.000000000000000,2.754000000000000,0.000013351500000,0.000001981870000,0.000253560000000,0.000012159400000,5.000000000000000,3005.000000000000000
27.000000000000000,1.500000000000000,0.000013433500000,0.000000000000000,8.730000000000000,0.000256540000000,0.000000000000000,2.724000000000000,0.000013284400000,0.000002034020000,0.000256302000000,0.000012159400000,5.000000000000000,3005.000000000000000
27.000000000000000,1.500000000000000,0.000013552700000,0.000000000000000,8.256000000000000,0.000258090000000,0.000000000000000,2.694000000000000,0.000013411100000,0.000001944620000,0.000257852000000,0.000012040200000,5.000000000000000,3005.000000000000000
36.000000000000000,1.500000000000000,0.000013344000000,0.000000000000000,6.540000000000000,0.000243426000000,0.000000000000000,2.826000000000000,0.000013254600000,0.000001519930000,0.000243069000000,0.000011921000000,5.000000000000000,3005.000000000000000
36.000000000000000,1.500000000000000,0.000013090700000,0.000000000000000,6.048000000000000,0.000239373000000,0.000000000000000,2.904000000000000,0.000013016200000,0.000001378360000,0.000239016000000,0.000012040200000,5.000000000000000,3005.000000000000000
36.000000000000000,1.500000000000000,0.000012941700000,0.000000000000000,7.812000000000000,0.000237108000000,0.000000000000000,2.964000000000000,0.000012822500000,0.000001758340000,0.000236751000000,0.000012159400000,5.000000000000000,3005.000000000000000
45.000000000000000,1.500000000000000,0.000010818300000,0.000000000000000,9.864000000000001,0.000192762000000,0.000000000000000,3.648000000000000,0.000010654400000,0.000001847750000,0.000192286000000,0.000012159400000,5.000000000000000,3005.000000000000000
45.000000000000000,1.500000000000000,0.000010147700000,0.000000000000000,9.330000000000000,0.000182034000000,0.000000000000000,3.906000000000000,0.000010013600000,0.000001646590000,0.000181557000000,0.000012397800000,5.000000000000000,3005.000000000000000
45.000000000000000,1.500000000000000,0.000009648560000,0.000000000000000,10.704000000000001,0.000176192000000,0.000000000000000,4.032000000000000,0.000009484650000,0.000001788150000,0.000175715000000,0.000012397800000,5.000000000000000,3005.000000000000000
54.000000000000000,1.500000000000000,0.000007659260000,0.000000000000000,15.090000000000000,0.000107885000000,0.000000000000000,6.600000000000000,0.000007391010000,0.000001989320000,0.000107170000000,0.000012397800000,5.000000000000000,3005.000000000000000
54.000000000000000,1.500000000000000,0.000006802410000,0.000000000000000,16.553999999999998,0.000091910800000,0.000000000000000,7.794000000000000,0.000006519290000,0.000001937170000,0.000090957200000,0.000012397800000,5.000000000000000,3005.000000000000000
54.000000000000000,1.500000000000000,0.000006392630000,0.000000000000000,17.718000000000000,0.000083089300000,0.000000000000000,8.670000000000000,0.000006087150000,0.000001944620000,0.000082135700000,0.000012517000000,5.000000000000000,3005.000000000000000
63.000000000000000,1.500000000000000,0.000006325570000,0.000000000000000,5.442000000000000,0.000013947500000,0.000000000000000,115.230000000000004,0.000006295770000,0.000000596050000,-0.000006079700000,0.000012636200000,5.000000000000000,3005.000000000000000
63.000000000000000,1.500000000000000,0.000006116960000,0.000000000000000,5.880000000000000,0.000029087200000,0.000000000000000,154.080000000000012,0.000006079700000,0.000000625852000,-0.000026226200000,0.000012636200000,5.000000000000000,3005.000000000000000
63.000000000000000,1.500000000000000,0.000006251070000,0.000000000000000,7.476000000000000,0.000039458500000,0.000000000000000,161.195999999999998,0.000006198910000,0.000000812117000,-0.000037431900000,0.000012636200000,5.000000000000000,3005.000000000000000
72.000000000000000,1.500000000000000,0.000008657630000,0.000000000000000,1.632000000000000,0.000135423000000,0.000000000000000,174.635999999999996,0.000008650180000,0.000000245871000,-0.000134946000000,0.000012636200000,5.000000000000000,3005.000000000000000
72.000000000000000,1.500000000000000,0.000009968940000,0.000000000000000,2.070000000000000,0.000157357000000,0.000000000000000,175.433999999999997,0.000009961480000,0.000000357630000,-0.000157000000000,0.000012517000000,5.000000000000000,3005.000000000000000
72.000000000000000,1.500000000000000,0.000011034400000,0.000000000000000,2.976000000000000,0.000169517000000,0.000000000000000,175.716000000000008,0.000011019500000,0.000000566248000,-0.000169159000000,0.000012636200000,5.000000000000000,3005.000000000000000
81.000000000000000,1.500000000000000,0.000014603200000,0.000000000000000,-0.342000000000000,0.000269415000000,0.000000000000000,177.162000000000006,0.000014603200000,-0.000000089407400,-0.000269176000000,0.000013232300000,5.000000000000000,3005.000000000000000
81.000000000000000,1.500000000000000,0.000016138100000,0.000000000000000,0.162000000000000,0.000291707000000,0.000000000000000,177.366000000000014,0.000016138100000,0.000000044703700,-0.000291469000000,0.000013351500000,5.000000000000000,3005.000000000000000
81.000000000000000,1.500000000000000,0.000016845900000,0.000000000000000,0.342000000000000,0.000304105000000,0.000000000000000,177.449999999999988,0.000016845900000,0.000000096858000,-0.000303866000000,0.000013470700000,5.000000000000000,3005.000000000000000
90.000000000000000,1.500000000000000,0.000018797900000,0.000000000000000,0.774000000000000,0.000394465000000,0.000000000000000,178.038000000000011,0.000018797900000,0.000000253322000,-0.000394346000000,0.000013470700000,5.000000000000000,3005.000000000000000
90.000000000000000,1.500000000000000,0.000019222600000,0.000000000000000,1.134000000000000,0.000414135000000,0.000000000000000,178.110000000000013,0.000019215200000,0.000000379981000,-0.000414016000000,0.000013589900000,5.000000000000000,3005.000000000000000
90.000000000000000,1.500000000000000,0.000019230100000,0.000000000000000,0.618000000000000,0.000424864000000,0.000000000000000,178.157999999999987,0.000019230100000,0.000000201167000,-0.000424864000000,0.000013589900000,5.000000000000000,3005.000000000000000
99.000000000000000,1.500000000000000,0.000019483400000,0.000000000000000,0.000000000000000,0.000498179000000,0.000000000000000,178.445999999999998,0.000019483400000,0.000000000000000,-0.000498060000000,0.000013470700000,5.000000000000000,3005.000000000000000
99.000000000000000,1.500000000000000,0.000019334400000,0.000000000000000,0.948000000000000,0.000514034000000,0.000000000000000,178.500000000000000,0.000019334400000,0.000000312926000,-0.000513915000000,0.000013351500000,5.000000000000000,3005.000000000000000
99.000000000000000,1.500000000000000,0.000019163000000,0.000000000000000,1.812000000000000,0.000522736000000,0.000000000000000,178.512000000000000,0.000019155600000,0.000000603501000,-0.000522736000000,0.000013589900000,5.000000000000000,3005.000000000000000
108.000000000000000,1.500000000000000,0.000018894800000,0.000000000000000,1.740000000000000,0.000570539000000,0.000000000000000,178.602000000000004,0.000018887300000,0.000000566248000,-0.000570539000000,0.000013828300000,5.000000000000000,3005.000000000000000
108.000000000000000,1.500000000000000,0.000018529700000,0.000000000000000,1.152000000000000,0.000580553000000,0.000000000000000,178.620000000000004,0.000018522300000,0.000000372531000,-0.000580434000000,0.000013947500000,5.000000000000000,3005.000000000000000
108.000000000000000,1.500000000000000,0.000018492500000,0.000000000000000,0.846000000000000,0.000585798000000,0.000000000000000,178.638000000000005,0.000018492500000,0.000000268223000,-0.000585798000000,0.000013828300000,5.000000000000000,3005.000000000000000
117.000000000000000,1.500000000000000,0.000017605800000,0.000000000000000,1.866000000000000,0.000603680000000,0.000000000000000,178.692000000000007,0.000017605800000,0.000000566248000,-0.000603680000000,0.000013709100000,5.000000000000000,3005.000000000000000
117.000000000000000,1.500000000000000,0.000017330200000,0.000000000000000,1.386000000000000,0.000606660000000,0.000000000000000,178.704000000000008,0.000017322700000,0.000000417234000,-0.000606660000000,0.000013709100000,5.000000000000000,3005.000000000000000
117.000000000000000,1.500000000000000,0.000017218400000,0.000000000000000,0.312000000000000,0.000608329000000,0.000000000000000,178.698000000000007,0.000017218400000,0.000000089407400,-0.000608329000000,0.000013709100000,5.000000000000000,3005.000000000000000
126.000000000000000,1.500000000000000,0.000016853300000,0.000000000000000,1.992000000000000,0.000593428000000,0.000000000000000,178.674000000000006,0.000016845900000,0.000000581149000,-0.000593308000000,0.000013709100000,5.000000000000000,3005.000000000000000
126.000000000000000,1.500000000000000,0.000017039600000,0.000000000000000,2.982000000000000,0.000589136000000,0.000000000000000,178.662000000000006,0.000017024700000,0.000000886623000,-0.000589136000000,0.000013709100000,5.000000000000000,3005.000000000000000
126.000000000000000,1.500000000000000,0.000017143900000,0.000000000000000,3.234000000000000,0.000586871000000,0.000000000000000,178.656000000000006,0.000017114100000,0.000000961132000,-0.000586871000000,0.000013709100000,5.000000000000000,3005.000000000000000
135.000000000000000,1.500000000000000,0.000016443500000,0.000000000000000,-0.606000000000000,0.000541333000000,0.000000000000000,178.548000000000002,0.000016443500000,-0.000000178815000,-0.000541214000000,0.000013709100000,5.000000000000000,3005.000000000000000
135.000000000000000,1.500000000000000,0.000016413700000,0.000000000000000,-0.486000000000000,0.000530127000000,0.000000000000000,178.518000000000000,0.000016413700000,-0.000000141562000,-0.000530008000000,0.000013709100000,5.000000000000000,3005.000000000000000
135.000000000000000,1.500000000000000,0.000016406300000,0.000000000000000,0.000000000000000,0.000523929000000,0.000000000000000,178.500000000000000,0.000016406300000,0.000000000000000,-0.000523929000000,0.000013709100000,5.000000000000000,3005.000000000000000
144.000000000000000,1.500000000000000,0.000016704300000,0.000000000000000,2.862000000000000,0.000451805000000,0.000000000000000,178.283999999999992,0.000016682000000,0.000000827018000,-0.000451686000000,0.000013470700000,5.000000000000000,3005.000000000000000
144.000000000000000,1.500000000000000,0.000016883100000,0.000000000000000,3.216000000000000,0.000434877000000,0.000000000000000,178.241999999999990,0.000016853300000,0.000000946227000,-0.000434877000000,0.000013232300000,5.000000000000000,3005.000000000000000
144.000000000000000,1.500000000000000,0.000016987400000,0.000000000000000,2.832000000000000,0.000425579000000,0.000000000000000,178.205999999999989,0.000016972500000,0.000000834469000,-0.000425460000000,0.000013232300000,5.000000000000000,3005.000000000000000
153.000000000000000,1.500000000000000,0.000015288700000,0.000000000000000,2.874000000000000,0.000334265000000,0.000000000000000,177.762000000000000,0.000015266400000,0.000000759963000,-0.000334146000000,0.000012993900000,5.000000000000000,3005.000000000000000
153.000000000000000,1.500000000000000,0.000014707500000,0.000000000000000,2.208000000000000,0.000313403000000,0.000000000000000,177.623999999999995,0.000014692600000,0.000000566248000,-0.000313284000000,0.000012993900000,5.000000000000000,3005.000000000000000
153.000000000000000,1.500000000000000,0.000014081700000,0.000000000000000,2.058000000000000,0.000301959000000,0.000000000000000,177.509999999999991,0.000014074200000,0.000000506643000,-0.000301721000000,0.000013113100000,5.000000000000000,3005.000000000000000
162.000000000000000,1.500000000000000,0.000009715620000,0.000000000000000,2.358000000000000,0.000202538000000,0.000000000000000,176.322000000000003,0.000009708160000,0.000000394883000,-0.000202299000000,0.000012993900000,5.000000000000000,3005.000000000000000
162.000000000000000,1.500000000000000,0.000008292550000,0.000000000000000,3.132000000000000,0.000180126000000,0.000000000000000,175.842000000000013,0.000008285100000,0.000000447037000,-0.000179769000000,0.000012993900000,5.000000000000000,3005.000000000000000
162.000000000000000,1.500000000000000,0.000007301600000,0.000000000000000,0.264000000000000,0.000167728000000,0.000000000000000,175.536000000000001,0.000007301600000,0.000000029802500,-0.000167371000000,0.000012993900000,5.000000000000000,3005.000000000000000
171.000000000000000,1.500000000000000,0.000004634290000,0.000000000000000,4.530000000000000,0.000069261100000,0.000000000000000,169.199999999999988,0.000004619390000,0.000000365080000,-0.000068188200000,0.000012993900000,5.000000000000000,3005.000000000000000
171.000000000000000,1.500000000000000,0.000003673150000,0.000000000000000,11.412000000000001,0.000047803200000,0.000000000000000,164.244000000000000,0.000003598640000,0.000000722710000,-0.000046134200000,0.000012993900000,5.000000000000000,3005.000000000000000
171.000000000000000,1.500000000000000,0.000003099460000,0.000000000000000,18.431999999999999,0.000036120600000,0.000000000000000,158.963999999999998,0.000002935540000,0.000000976033000,-0.000033855700000,0.000012874700000,5.000000000000000,3005.000000000000000
180.000000000000000,1.500000000000000,0.000003710400000,0.000000000000000,17.783999999999999,0.000056982300000,0.000000000000000,12.702000000000000,0.000003531590000,0.000001132500000,0.000055551800000,0.000012517000000,5.000000000000000,3005.000000000000000
180.000000000000000,1.500000000000000,0.000003673150000,0.000000000000000,19.812000000000001,0.000076056000000,0.000000000000000,9.324000000000000,0.000003457080000,0.000001244250000,0.000075102300000,0.000012278600000,5.000000000000000,3005.000000000000000
180.000000000000000,1.500000000000000,0.000003673150000,0.000000000000000,20.699999999999999,0.000086784800000,0.000000000000000,8.118000000000000,0.000003434730000,0.000001296410000,0.000085950400000,0.000012159400000,5.000000000000000,3005.000000000000000
189.000000000000000,1.500000000000000,0.000006578890000,0.000000000000000,11.574000000000000,0.000157357000000,0.000000000000000,4.446000000000000,0.000006444780000,0.000001318760000,0.000156880000000,0.000012159400000,5.000000000000000,3005.000000000000000
189.000000000000000,1.500000000000000,0.000007450610000,0.000000000000000,8.795999999999999,0.000172378000000,0.000000000000000,4.080000000000000,0.000007361200000,0.000001139950000,0.000171901000000,0.000012159400000,5.000000000000000,3005.000000000000000
189.000000000000000,1.500000000000000,0.000007830620000,0.000000000000000,8.172000000000001,0.000180603000000,0.000000000000000,3.936000000000000,0.000007748660000,0.000001110140000,0.000180245000000,0.000012397800000,5.000000000000000,3005.000000000000000
198.000000000000000,1.500000000000000,0.000009723070000,0.000000000000000,7.602000000000000,0.000224949000000,0.000000000000000,3.144000000000000,0.000009633660000,0.000001281510000,0.000224710000000,0.000012278600000,5.000000000000000,3005.000000000000000
198.000000000000000,1.500000000000000,0.000010088100000,0.000000000000000,7.668000000000000,0.000234009000000,0.000000000000000,3.006000000000000,0.000009998740000,0.000001341110000,0.000233651000000,0.000012159400000,5.000000000000000,3005.000000000000000
198.000000000000000,1.500000000000000,0.000010535200000,0.000000000000000,8.622000000000000,0.000238896000000,0.000000000000000,2.928000000000000,0.000010416000000,0.000001579530000,0.000238539000000,0.000012159400000,5.000000000000000,3005.000000000000000
207.000000000000000,1.500000000000000,0.000012464900000,0.000000000000000,5.766000000000000,0.000254275000000,0.000000000000000,2.688000000000000,0.000012405300000,0.000001251700000,0.000254037000000,0.000011921000000,5.000000000000000,3005.000000000000000
207.000000000000000,1.500000000000000,0.000012621300000,0.000000000000000,5.364000000000000,0.000256898000000,0.000000000000000,2.676000000000000,0.000012569200000,0.000001177200000,0.000256659000000,0.000011921000000,5.000000000000000,3005.000000000000000
207.000000000000000,1.500000000000000,0.000012375500000,0.000000000000000,4.074000000000000,0.000258448000000,0.000000000000000,2.676000000000000,0.000012345700000,0.000000879172000,0.000258090000000,0.000012040200000,5.000000000000000,3005.000000000000000
216.000000000000000,1.500000000000000,0.000012979000000,0.000000000000000,6.486000000000000,0.000243307000000,0.000000000000000,2.874000000000000,0.000012897000000,0.000001460320000,0.000242949000000,0.000012159400000,5.000000000000000,3005.000000000000000
216.000000000000000,1.500000000000000,0.000012531900000,0.000000000000000,6.198000000000000,0.000239016000000,0.000000000000000,2.892000000000000,0.000012457400000,0.000001348560000,0.000238658000000,0.000012040200000,5.000000000000000,3005.000000000000000
216.000000000000000,1.500000000000000,0.000012166900000,0.000000000000000,5.220000000000000,0.000236751000000,0.000000000000000,2.904000000000000,0.000012114700000,0.000001102690000,0.000236393000000,0.000011921000000,5.000000000000000,3005.000000000000000
225.000000000000000,1.500000000000000,0.000010937500000,0.000000000000000,7.986000000000000,0.000192762000000,0.000000000000000,3.588000000000000,0.000010825800000,0.000001519930000,0.000192286000000,0.000012040200000,5.000000000000000,3005.000000000000000
225.000000000000000,1.500000000000000,0.000010237200000,0.000000000000000,6.618000000000000,0.000182034000000,0.000000000000000,3.864000000000000,0.000010170100000,0.000001177200000,0.000181557000000,0.000012159400000,5.000000000000000,3005.000000000000000
225.000000000000000,1.500000000000000,0.000009939130000,0.000000000000000,6.114000000000000,0.000176073000000,0.000000000000000,3.990000000000000,0.000009886980000,0.000001057990000,0.000175715000000,0.000012159400000,5.000000000000000,3005.000000000000000
234.000000000000000,1.500000000000000,0.000007696510000,0.000000000000000,6.762000000000000,0.000107885000000,0.000000000000000,6.666000000000000,0.000007644350000,0.000000901524000,0.000107170000000,0.000012517000000,5.000000000000000,3005.000000000000000
234.000000000000000,1.500000000000000,0.000007055730000,0.000000000000000,11.268000000000001,0.000092030000000,0.000000000000000,7.824000000000000,0.000006921620000,0.000001378360000,0.000091076400000,0.000012517000000,5.000000000000000,3005.000000000000000
234.000000000000000,1.500000000000000,0.000006742800000,0.000000000000000,12.497999999999999,0.000083089300000,0.000000000000000,8.616000000000000,0.000006586340000,0.000001452870000,0.000082254900000,0.000012397800000,5.000000000000000,3005.000000000000000
243.000000000000000,1.500000000000000,0.000007122780000,0.000000000000000,3.216000000000000,0.000013589900000,0.000000000000000,111.438000000000002,0.000007107880000,0.000000394883000,-0.000005006820000,0.000012636200000,5.000000000000000,3005.000000000000000
243.000000000000000,1.500000000000000,0.000006854560000,0.000000000000000,3.624000000000000,0.000028014300000,0.000000000000000,153.072000000000003,0.000006839660000,0.000000432135000,-0.000025153300000,0.000012636200000,5.000000000000000,3005.000000000000000
243.000000000000000,1.500000000000000,0.000006876910000,0.000000000000000,4.782000000000000,0.000038028000000,0.000000000000000,160.614000000000004,0.000006847110000,0.000000566248000,-0.000036001400000,0.000012636200000,5.000000000000000,3005.000000000000000
252.000000000000000,1.500000000000000,0.000008836450000,0.000000000000000,7.536000000000000,0.000134231000000,0.000000000000000,174.449999999999988,0.000008761940000,0.000001154850000,-0.000133754000000,0.000012993900000,5.000000000000000,3005.000000000000000
252.000000000000000,1.500000000000000,0.000009924230000,0.000000000000000,4.392000000000000,0.000156046000000,0.000000000000000,175.223999999999989,0.000009894430000,0.000000759963000,-0.000155688000000,0.000012993900000,5.000000000000000,3005.000000000000000
252.000000000000000,1.500000000000000,0.000010512800000,0.000000000000000,3.558000000000000,0.000168205000000,0.000000000000000,175.524000000000001,0.000010497900000,0.000000648204000,-0.000167848000000,0.000013113100000,5.000000000000000,3005.000000000000000
261.000000000000000,1.500000000000000,0.000014424400000,0.000000000000000,-1.194000000000000,0.000268104000000,0.000000000000000,177.162000000000006,0.000014424400000,-0.000000305476000,-0.000267865000000,0.000013232300000,5.000000000000000,3005.000000000000000
261.000000000000000,1.500000000000000,0.000015601600000,0.000000000000000,-1.392000000000000,0.000290276000000,0.000000000000000,177.366000000000014,0.000015594200000,-0.000000387432000,-0.000290038000000,0.000013232300000,5.000000000000000,3005.000000000000000
261.000000000000000,1.500000000000000,0.000016398800000,0.000000000000000,-0.324000000000000,0.000302436000000,0.000000000000000,177.473999999999989,0.000016398800000,-0.000000096858000,-0.000302317000000,0.000013232300000,5.000000000000000,3005.000000000000000
270.000000000000000,1.500000000000000,0.000019028900000,0.000000000000000,1.446000000000000,0.000392081000000,0.000000000000000,178.020000000000010,0.000019021400000,0.000000476841000,-0.000391962000000,0.000013470700000,5.000000000000000,3005.000000000000000
270.000000000000000,1.500000000000000,0.000019431200000,0.000000000000000,1.416000000000000,0.000411870000000,0.000000000000000,178.127999999999986,0.000019423800000,0.000000476841000,-0.000411751000000,0.000013351500000,5.000000000000000,3005.000000000000000
270.000000000000000,1.500000000000000,0.000019349300000,0.000000000000000,1.818000000000000,0.000422956000000,0.000000000000000,178.157999999999987,0.000019341800000,0.000000610951000,-0.000422837000000,0.000013589900000,5.000000000000000,3005.000000000000000
279.000000000000000,1.500000000000000,0.000019058700000,0.000000000000000,2.544000000000000,0.000496510000000,0.000000000000000,178.397999999999996,0.000019043800000,0.000000841919000,-0.000496391000000,0.000013828300000,5.000000000000000,3005.000000000000000
279.000000000000000,1.500000000000000,0.000018634000000,0.000000000000000,2.172000000000000,0.000512365000000,0.000000000000000,178.439999999999998,0.000018619100000,0.000000700358000,-0.000512246000000,0.000013828300000,5.000000000000000,3005.000000000000000
279.000000000000000,1.500000000000000,0.000018470100000,0.000000000000000,1.614000000000000,0.000521187000000,0.000000000000000,178.463999999999998,0.000018462700000,0.000000514094000,-0.000521068000000,0.000013947500000,5.000000000000000,3005.000000000000000
288.000000000000000,1.500000000000000,0.000018827700000,0.000000000000000,0.630000000000000,0.000569824000000,0.000000000000000,178.608000000000004,0.000018827700000,0.000000201167000,-0.000569705000000,0.000013828300000,5.000000000000000,3005.000000000000000
288.000000000000000,1.500000000000000,0.000018842600000,0.000000000000000,0.954000000000000,0.000579838000000,0.000000000000000,178.614000000000004,0.000018842600000,0.000000312926000,-0.000579719000000,0.000013947500000,5.000000000000000,3005.000000000000000
288.000000000000000,1.500000000000000,0.000018917100000,0.000000000000000,1.836000000000000,0.000585321000000,0.000000000000000,178.632000000000005,0.000018909700000,0.000000603501000,-0.000585321000000,0.000013947500000,5.000000000000000,3005.000000000000000
297.000000000000000,1.500000000000000,0.000017866600000,0.000000000000000,2.010000000000000,0.000603918000000,0.000000000000000,178.680000000000007,0.000017859200000,0.000000625852000,-0.000603918000000,0.000013828300000,5.000000000000000,3005.000000000000000
297.000000000000000,1.500000000000000,0.000018172100000,0.000000000000000,1.410000000000000,0.000607017000000,0.000000000000000,178.692000000000007,0.000018172100000,0.000000439586000,-0.000607017000000,0.000013828300000,5.000000000000000,3005.000000000000000
297.000000000000000,1.500000000000000,0.000018514800000,0.000000000000000,1.074000000000000,0.000608806000000,0.000000000000000,178.698000000000007,0.000018514800000,0.000000342729000,-0.000608806000000,0.000013828300000,5.000000000000000,3005.000000000000000
306.000000000000000,1.500000000000000,0.000019572800000,0.000000000000000,0.822000000000000,0.000595335000000,0.000000000000000,178.680000000000007,0.000019572800000,0.000000275673000,-0.000595335000000,0.000013709100000,5.000000000000000,3005.000000000000000
306.000000000000000,1.500000000000000,0.000019781400000,0.000000000000000,0.678000000000000,0.000591520000000,0.000000000000000,178.662000000000006,0.000019781400000,0.000000230969000,-0.000591520000000,0.000013709100000,5.000000000000000,3005.000000000000000
306.000000000000000,1.500000000000000,0.000019647300000,0.000000000000000,0.174000000000000,0.000589255000000,0.000000000000000,178.650000000000006,0.000019647300000,0.000000059605100,-0.000589255000000,0.000013828300000,5.000000000000000,3005.000000000000000
315.000000000000000,1.500000000000000,0.000020764900000,0.000000000000000,1.272000000000000,0.000544552000000,0.000000000000000,178.554000000000002,0.000020757400000,0.000000454487000,-0.000544433000000,0.000013709100000,5.000000000000000,3005.000000000000000
315.000000000000000,1.500000000000000,0.000021152300000,0.000000000000000,1.590000000000000,0.000533704000000,0.000000000000000,178.524000000000001,0.000021144900000,0.000000581149000,-0.000533585000000,0.000013709100000,5.000000000000000,3005.000000000000000
315.000000000000000,1.500000000000000,0.000021450300000,0.000000000000000,2.208000000000000,0.000527624000000,0.000000000000000,178.518000000000000,0.000021435400000,0.000000819568000,-0.000527505000000,0.000013589900000,5.000000000000000,3005.000000000000000
324.000000000000000,1.500000000000000,0.000022068700000,0.000000000000000,1.140000000000000,0.000456812000000,0.000000000000000,178.301999999999992,0.000022061300000,0.000000439586000,-0.000456812000000,0.000013470700000,5.000000000000000,3005.000000000000000
324.000000000000000,1.500000000000000,0.000022724400000,0.000000000000000,0.906000000000000,0.000440123000000,0.000000000000000,178.241999999999990,0.000022724400000,0.000000357630000,-0.000440123000000,0.000013470700000,5.000000000000000,3005.000000000000000
324.000000000000000,1.500000000000000,0.000022955400000,0.000000000000000,0.834000000000000,0.000430943000000,0.000000000000000,178.211999999999989,0.000022955400000,0.000000327827000,-0.000430824000000,0.000013351500000,5.000000000000000,3005.000000000000000
333.000000000000000,1.500000000000000,0.000021353500000,0.000000000000000,0.144000000000000,0.000339510000000,0.000000000000000,177.725999999999999,0.000021353500000,0.000000052154300,-0.000339391000000,0.000013351500000,5.000000000000000,3005.000000000000000
333.000000000000000,1.500000000000000,0.000020943700000,0.000000000000000,-0.402000000000000,0.000318529000000,0.000000000000000,177.599999999999994,0.000020943700000,-0.000000149013000,-0.000318410000000,0.000013232300000,5.000000000000000,3005.000000000000000
333.000000000000000,1.500000000000000,0.000020943700000,0.000000000000000,-0.126000000000000,0.000307085000000,0.000000000000000,177.551999999999992,0.000020943700000,-0.000000052154300,-0.000306966000000,0.000013113100000,5.000000000000000,3005.000000000000000
342.000000000000000,1.500000000000000,0.000016667100000,0.000000000000000,0.048000000000000,0.000207783000000,0.000000000000000,176.412000000000006,0.000016667100000,0.000000007450640,-0.000207425000000,0.000012993900000,5.000000000000000,3005.000000000000000
342.000000000000000,1.500000000000000,0.000015460100000,0.000000000000000,1.038000000000000,0.000185371000000,0.000000000000000,176.003999999999990,0.000015460100000,0.000000275673000,-0.000185014000000,0.000012874700000,5.000000000000000,3005.000000000000000
342.000000000000000,1.500000000000000,0.000014834200000,0.000000000000000,1.518000000000000,0.000173093000000,0.000000000000000,175.740000000000009,0.000014826700000,0.000000387432000,-0.000172735000000,0.000012755500000,5.000000000000000,3005.000000000000000
351.000000000000000,1.500000000000000,0.000011801800000,0.000000000000000,0.162000000000000,0.000073433400000,0.000000000000000,170.075999999999993,0.000011801800000,0.000000029802500,-0.000072479700000,0.000012636200000,5.000000000000000,3005.000000000000000
351.000000000000000,1.500000000000000,0.000010974800000,0.000000000000000,0.036000000000000,0.000051617900000,0.000000000000000,165.750000000000000,0.000010974800000,0.000000000000000,-0.000050187300000,0.000012636200000,5.000000000000000,3005.000000000000000
351.000000000000000,1.500000000000000,0.000010565000000,0.000000000000000,1.338000000000000,0.000039816100000,0.000000000000000,161.412000000000006,0.000010565000000,0.000000245871000,-0.000037908800000,0.000012636200000,5.000000000000000,3005.000000000000000
360.000000000000000,1.500000000000000,0.000010080700000,0.000000000000000,4.434000000000000,0.000053286800000,0.000000000000000,13.446000000000000,0.000010050900000,0.000000774864000,0.000051856300000,0.000012397800000,5.000000000000000,3005.000000000000000
360.000000000000000,1.500000000000000,0.000010013600000,0.000000000000000,5.610000000000000,0.000072479700000,0.000000000000000,9.888000000000000,0.000009968940000,0.000000976033000,0.000071526000000,0.000012397800000,5.000000000000000,3005.000000000000000
360.000000000000000,1.500000000000000,0.000009849730000,0.000000000000000,7.542000000000000,0.000083327800000,0.000000000000000,8.603999999999999,0.000009760320000,0.000001288960000,0.000082374100000,0.000012397800000,5.000000000000000,3005.000000000000000
0.000000000000000,1.000000000000000,0.000014081700000,0.000000000000000,5.538000000000000,0.000160218000000,0.000000000000000,4.434000000000000,0.000014014600000,0.000001356010000,0.000159741000000,0.000012397800000,5.000000000000000,3005.000000000000000
0.000000000000000,1.000000000000000,0.000013150300000,0.000000000000000,6.432000000000000,0.000173212000000,0.000000000000000,4.080000000000000,0.000013068400000,0.000001467770000,0.000172735000000,0.000012278600000,5.000000000000000,3005.000000000000000
0.000000000000000,1.000000000000000,0.000013172700000,0.000000000000000,8.231999999999999,0.000180603000000,0.000000000000000,3.912000000000000,0.000013038600000,0.000001885000000,0.000180245000000,0.000012278600000,5.000000000000000,3005.000000000000000
9.000000000000000,1.000000000000000,0.000013485600000,0.000000000000000,4.308000000000000,0.000223995000000,0.000000000000000,3.102000000000000,0.000013448400000,0.000001013290000,0.000223638000000,0.000012040200000,5.000000000000000,3005.000000000000000
9.000000000000000,1.000000000000000,0.000013746400000,0.000000000000000,4.782000000000000,0.000233174000000,0.000000000000000,3.000000000000000,0.000013701700000,0.000001139950000,0.000232817000000,0.000012159400000,5.000000000000000,3005.000000000000000
9.000000000000000,1.000000000000000,0.000013753800000,0.000000000000000,6.624000000000000,0.000238181000000,0.000000000000000,2.952000000000000,0.000013664400000,0.000001579530000,0.000237823000000,0.000012159400000,5.000000000000000,3005.000000000000000
18.000000000000000,1.000000000000000,0.000014118900000,0.000000000000000,6.204000000000000,0.000253679000000,0.000000000000000,2.742000000000000,0.000014037000000,0.000001519930000,0.000253441000000,0.000012040200000,5.000000000000000,3005.000000000000000
18.000000000000000,1.000000000000000,0.000014133800000,0.000000000000000,5.982000000000000,0.000256421000000,0.000000000000000,2.724000000000000,0.000014059300000,0.000001467770000,0.000256183000000,0.000012159400000,5.000000000000000,3005.000000000000000
18.000000000000000,1.000000000000000,0.000013880500000,0.000000000000000,5.292000000000000,0.000257613000000,0.000000000000000,2.712000000000000,0.000013820900000,0.000001274060000,0.000257375000000,0.000012159400000,5.000000000000000,3005.000000000000000
27.000000000000000,1.000000000000000,0.000012956600000,0.000000000000000,6.528000000000000,0.000243069000000,0.000000000000000,2.826000000000000,0.000012867200000,0.000001467770000,0.000242830000000,0.000011921000000,5.000000000000000,3005.000000000000000
27.000000000000000,1.000000000000000,0.000012740600000,0.000000000000000,7.332000000000000,0.000238896000000,0.000000000000000,2.880000000000000,0.000012636200000,0.000001624230000,0.000238539000000,0.000011921000000,5.000000000000000,3005.000000000000000
27.000000000000000,1.000000000000000,0.000012599000000,0.000000000000000,7.536000000000000,0.000236631000000,0.000000000000000,2.904000000000000,0.000012494700000,0.000001646590000,0.000236274000000,0.000011921000000,5.000000000000000,3005.000000000000000
36.000000000000000,1.000000000000000,0.000009946580000,0.000000000000000,3.384000000000000,0.000192762000000,0.000000000000000,3.630000000000000,0.000009931680000,0.000000581149000,0.000192286000000,0.000012159400000,5.000000000000000,3005.000000000000000
36.000000000000000,1.000000000000000,0.000009059960000,0.000000000000000,3.036000000000000,0.000182034000000,0.000000000000000,3.840000000000000,0.000009052510000,0.000000476841000,0.000181557000000,0.000012159400000,5.000000000000000,3005.000000000000000
36.000000000000000,1.000000000000000,0.000008829000000,0.000000000000000,4.848000000000000,0.000176073000000,0.000000000000000,4.014000000000000,0.000008799190000,0.000000745062000,0.000175715000000,0.000012278600000,5.000000000000000,3005.000000000000000
45.000000000000000,1.000000000000000,0.000007726310000,0.000000000000000,11.891999999999999,0.000108362000000,0.000000000000000,6.600000000000000,0.000007562370000,0.000001586980000,0.000107646000000,0.000012397800000,5.000000000000000,3005.000000000000000
45.000000000000000,1.000000000000000,0.000006601240000,0.000000000000000,12.228000000000000,0.000092626100000,0.000000000000000,7.734000000000000,0.000006459680000,0.000001393270000,0.000091791600000,0.000012397800000,5.000000000000000,3005.000000000000000
45.000000000000000,1.000000000000000,0.000006102050000,0.000000000000000,12.672000000000001,0.000084043000000,0.000000000000000,8.574000000000000,0.000005953040000,0.000001333660000,0.000083089300000,0.000012517000000,5.000000000000000,3005.000000000000000
54.000000000000000,1.000000000000000,0.000005841280000,0.000000000000000,9.648000000000000,0.000013232300000,0.000000000000000,108.162000000000006,0.000005759330000,0.000000976033000,-0.000004172350000,0.000012517000000,5.000000000000000,3005.000000000000000
54.000000000000000,1.000000000000000,0.000006079700000,0.000000000000000,12.606000000000000,0.000027299000000,0.000000000000000,152.436000000000007,0.000005930690000,0.000001326210000,-0.000024318800000,0.000012636200000,5.000000000000000,3005.000000000000000
54.000000000000000,1.000000000000000,0.000006094600000,0.000000000000000,12.426000000000000,0.000037551200000,0.000000000000000,160.217999999999989,0.000005953040000,0.000001311310000,-0.000035405400000,0.000012636200000,5.000000000000000,3005.000000000000000
63.000000000000000,1.000000000000000,0.000009410140000,0.000000000000000,1.296000000000000,0.000133158000000,0.000000000000000,174.455999999999989,0.000009410140000,0.000000208617000,-0.000132681000000,0.000012755500000,5.000000000000000,3005.000000000000000
63.000000000000000,1.000000000000000,0.000010520300000,0.000000000000000,0.072000000000000,0.000155092000000,0.000000000000000,175.289999999999992,0.000010520300000,0.000000007450640,-0.000154615000000,0.000012636200000,5.000000000000000,3005.000000000000000
63.000000000000000,1.000000000000000,0.000011369600000,0.000000000000000,1.476000000000000,0.000167132000000,0.000000000000000,175.632000000000005,0.000011362200000,0.000000290574000,-0.000166775000000,0.000012636200000,5.000000000000000,3005.000000000000000
72.000000000000000,1.000000000000000,0.000015258900000,0.000000000000000,0.876000000000000,0.000266435000000,0.000000000000000,177.204000000000008,0.000015258900000,0.000000230969000,-0.000266196000000,0.000012993900000,5.000000000000000,3005.000000000000000
72.000000000000000,1.000000000000000,0.000016629800000,0.000000000000000,0.756000000000000,0.000288608000000,0.000000000000000,177.395999999999986,0.000016629800000,0.000000216068000,-0.000288488000000,0.000013113100000,5.000000000000000,3005.000000000000000
72.000000000000000,1.000000000000000,0.000017404700000,0.000000000000000,1.230000000000000,0.000300886000000,0.000000000000000,177.473999999999989,0.000017397200000,0.000000372531000,-0.000300767000000,0.000013232300000,5.000000000000000,3005.000000000000000
81.000000000000000,1.000000000000000,0.000019505700000,0.000000000000000,0.666000000000000,0.000390889000000,0.000000000000000,178.008000000000010,0.000019505700000,0.000000223518000,-0.000390651000000,0.000013589900000,5.000000000000000,3005.000000000000000
81.000000000000000,1.000000000000000,0.000019513200000,0.000000000000000,-0.432000000000000,0.000410678000000,0.000000000000000,178.092000000000013,0.000019513200000,-0.000000149013000,-0.000410678000000,0.000013589900000,5.000000000000000,3005.000000000000000
81.000000000000000,1.000000000000000,0.000019475900000,0.000000000000000,-0.570000000000000,0.000421764000000,0.000000000000000,178.151999999999987,0.000019475900000,-0.000000193716000,-0.000421645000000,0.000013589900000,5.000000000000000,3005.000000000000000
90.000000000000000,1.000000000000000,0.000020742500000,0.000000000000000,0.462000000000000,0.000495557000000,0.000000000000000,178.433999999999997,0.000020742500000,0.000000163914000,-0.000495557000000,0.000013470700000,5.000000000000000,3005.000000000000000
90.000000000000000,1.000000000000000,0.000020593500000,0.000000000000000,0.498000000000000,0.000511531000000,0.000000000000000,178.475999999999999,0.000020593500000,0.000000178815000,-0.000511412000000,0.000013589900000,5.000000000000000,3005.000000000000000
90.000000000000000,1.000000000000000,0.000020139000000,0.000000000000000,0.492000000000000,0.000520352000000,0.000000000000000,178.512000000000000,0.000020139000000,0.000000171364000,-0.000520352000000,0.000013470700000,5.000000000000000,3005.000000000000000
99.000000000000000,1.000000000000000,0.000019401400000,0.000000000000000,1.872000000000000,0.000568751000000,0.000000000000000,178.596000000000003,0.000019386500000,0.000000633303000,-0.000568751000000,0.000013828300000,5.000000000000000,3005.000000000000000
99.000000000000000,1.000000000000000,0.000019021400000,0.000000000000000,2.490000000000000,0.000578765000000,0.000000000000000,178.626000000000005,0.000018999100000,0.000000819568000,-0.000578765000000,0.000013828300000,5.000000000000000,3005.000000000000000
99.000000000000000,1.000000000000000,0.000018574400000,0.000000000000000,1.932000000000000,0.000584248000000,0.000000000000000,178.632000000000005,0.000018559500000,0.000000625852000,-0.000584248000000,0.000013828300000,5.000000000000000,3005.000000000000000
108.000000000000000,1.000000000000000,0.000017807000000,0.000000000000000,-0.066000000000000,0.000602368000000,0.000000000000000,178.686000000000007,0.000017807000000,-0.000000022351900,-0.000602368000000,0.000013709100000,5.000000000000000,3005.000000000000000
108.000000000000000,1.000000000000000,0.000017479200000,0.000000000000000,-0.570000000000000,0.000605468000000,0.000000000000000,178.680000000000007,0.000017479200000,-0.000000178815000,-0.000605468000000,0.000013828300000,5.000000000000000,3005.000000000000000
108.000000000000000,1.000000000000000,0.000017278000000,0.000000000000000,-0.618000000000000,0.000607137000000,0.000000000000000,178.680000000000007,0.000017278000000,-0.000000193716000,-0.000607137000000,0.000013947500000,5.000000000000000,3005.000000000000000
117.000000000000000,1.000000000000000,0.000017106600000,0.000000000000000,2.994000000000000,0.000592712000000,0.000000000000000,178.668000000000006,0.000017091700000,0.000000886623000,-0.000592712000000,0.000013709100000,5.000000000000000,3005.000000000000000
117.000000000000000,1.000000000000000,0.000016801200000,0.000000000000000,3.048000000000000,0.000588421000000,0.000000000000000,178.644000000000005,0.000016778800000,0.000000886623000,-0.000588302000000,0.000013828300000,5.000000000000000,3005.000000000000000
117.000000000000000,1.000000000000000,0.000016786300000,0.000000000000000,2.958000000000000,0.000585917000000,0.000000000000000,178.650000000000006,0.000016771400000,0.000000864271000,-0.000585917000000,0.000013709100000,5.000000000000000,3005.000000000000000
126.000000000000000,1.000000000000000,0.000016309400000,0.000000000000000,1.428000000000000,0.000540260000000,0.000000000000000,178.548000000000002,0.000016302000000,0.000000402333000,-0.000540260000000,0.000013589900000,5.000000000000000,3005.000000000000000
126.000000000000000,1.000000000000000,0.000016153000000,0.000000000000000,1.914000000000000,0.000529174000000,0.000000000000000,178.518000000000000,0.000016145500000,0.000000536445000,-0.000529055000000,0.000013589900000,5.000000000000000,3005.000000000000000
126.000000000000000,1.000000000000000,0.000016056100000,0.000000000000000,2.664000000000000,0.000523094000000,0.000000000000000,178.506000000000000,0.000016033800000,0.000000745062000,-0.000522975000000,0.000013589900000,5.000000000000000,3005.000000000000000
135.000000000000000,1.000000000000000,0.000016145500000,0.000000000000000,1.398000000000000,0.000450613000000,0.000000000000000,178.289999999999992,0.000016138100000,0.000000387432000,-0.000450613000000,0.000013351500000,5.000000000000000,3005.000000000000000
135.000000000000000,1.000000000000000,0.000016041200000,0.000000000000000,1.050000000000000,0.000433566000000,0.000000000000000,178.217999999999989,0.000016041200000,0.000000290574000,-0.000433447000000,0.000013351500000,5.000000000000000,3005.000000000000000
135.000000000000000,1.000000000000000,0.000015825100000,0.000000000000000,1.644000000000000,0.000424029000000,0.000000000000000,178.187999999999988,0.000015817700000,0.000000447037000,-0.000423910000000,0.000013351500000,5.000000000000000,3005.000000000000000
144.000000000000000,1.000000000000000,0.000013701700000,0.000000000000000,2.088000000000000,0.000332357000000,0.000000000000000,177.665999999999997,0.000013694200000,0.000000499193000,-0.000332238000000,0.000013470700000,5.000000000000000,3005.000000000000000
144.000000000000000,1.000000000000000,0.000012971500000,0.000000000000000,1.296000000000000,0.000311257000000,0.000000000000000,177.509999999999991,0.000012971500000,0.000000290574000,-0.000311138000000,0.000013470700000,5.000000000000000,3005.000000000000000
144.000000000000000,1.000000000000000,0.000012487200000,0.000000000000000,2.262000000000000,0.000299694000000,0.000000000000000,177.437999999999988,0.000012479800000,0.000000491742000,-0.000299575000000,0.000013351500000,5.000000000000000,3005.000000000000000
153.000000000000000,1.000000000000000,0.000008590580000,0.000000000000000,1.242000000000000,0.000199676000000,0.000000000000000,176.231999999999999,0.000008590580000,0.000000186265000,-0.000199438000000,0.000013113100000,5.000000000000000,3005.000000000000000
153.000000000000000,1.000000000000000,0.000007122780000,0.000000000000000,2.304000000000000,0.000177384000000,0.000000000000000,175.758000000000010,0.000007115330000,0.000000283124000,-0.000177027000000,0.000013113100000,5.000000000000000,3005.000000000000000
153.000000000000000,1.000000000000000,0.000006049900000,0.000000000000000,3.534000000000000,0.000165106000000,0.000000000000000,175.487999999999999,0.000006035000000,0.000000372531000,-0.000164748000000,0.000012993900000,5.000000000000000,3005.000000000000000
162.000000000000000,1.000000000000000,0.000003598640000,0.000000000000000,16.122000000000000,0.000066280800000,0.000000000000000,168.996000000000009,0.000003457080000,0.000000998385000,-0.000065207900000,0.000012636200000,5.000000000000000,3005.000000000000000
162.000000000000000,1.000000000000000,0.000002630070000,0.000000000000000,26.303999999999998,0.000044822900000,0.000000000000000,163.716000000000008,0.000002354400000,0.000001162300000,-0.000043154000000,0.000012517000000,5.000000000000000,3005.000000000000000
162.000000000000000,1.000000000000000,0.000002026570000,0.000000000000000,34.686000000000000,0.000033378800000,0.000000000000000,157.728000000000008,0.000001661490000,0.000001147400000,-0.000030994600000,0.000012636200000,5.000000000000000,3005.000000000000000
171.000000000000000,1.000000000000000,0.000002346950000,0.000000000000000,30.270000000000000,0.000059485700000,0.000000000000000,12.029999999999999,0.000002026570000,0.000001184650000,0.000058174400000,0.000012397800000,5.000000000000000,3005.000000000000000
171.000000000000000,1.000000000000000,0.000002726930000,0.000000000000000,28.998000000000001,0.000078440200000,0.000000000000000,8.988000000000000,0.000002391650000,0.000001326210000,0.000077486500000,0.000012159400000,5.000000000000000,3005.000000000000000
171.000000000000000,1.000000000000000,0.000003241020000,0.000000000000000,27.251999999999999,0.000089049800000,0.000000000000000,7.920000000000000,0.000002883390000,0.000001482670000,0.000088096100000,0.000012159400000,5.000000000000000,3005.000000000000000
180.000000000000000,1.000000000000000,0.000005632670000,0.000000000000000,14.183999999999999,0.000158549000000,0.000000000000000,4.458000000000000,0.000005453850000,0.000001378360000,0.000158072000000,0.000012278600000,5.000000000000000,3005.000000000000000
180.000000000000000,1.000000000000000,0.000006444780000,0.000000000000000,11.694000000000001,0.000173570000000,0.000000000000000,4.074000000000000,0.000006310670000,0.000001303860000,0.000173093000000,0.000012278600000,5.000000000000000,3005.000000000000000
180.000000000000000,1.000000000000000,0.000006772610000,0.000000000000000,9.744000000000000,0.000181914000000,0.000000000000000,3.864000000000000,0.000006675750000,0.000001139950000,0.000181557000000,0.000012159400000,5.000000000000000,3005.000000000000000
189.000000000000000,1.000000000000000,0.000009767770000,0.000000000000000,9.900000000000000,0.000225426000000,0.000000000000000,3.066000000000000,0.000009626210000,0.000001676390000,0.000225068000000,0.000012040200000,5.000000000000000,3005.000000000000000
189.000000000000000,1.000000000000000,0.000010185000000,0.000000000000000,8.922000000000001,0.000234605000000,0.000000000000000,2.934000000000000,0.000010065800000,0.000001579530000,0.000234247000000,0.000011921000000,5.000000000000000,3005.000000000000000
189.000000000000000,1.000000000000000,0.000010438300000,0.000000000000000,9.077999999999999,0.000239492000000,0.000000000000000,2.874000000000000,0.000010304200000,0.000001646590000,0.000239135000000,0.000011921000000,5.000000000000000,3005.000000000000000
198.000000000000000,1.000000000000000,0.000011704900000,0.000000000000000,4.608000000000000,0.000254394000000,0.000000000000000,2.748000000000000,0.000011660200000,0.000000938777000,0.000254156000000,0.000012159400000,5.000000000000000,3005.000000000000000
198.000000000000000,1.000000000000000,0.000012174300000,0.000000000000000,6.000000000000000,0.000256898000000,0.000000000000000,2.706000000000000,0.000012107300000,0.000001266610000,0.000256540000000,0.000012040200000,5.000000000000000,3005.000000000000000
198.000000000000000,1.000000000000000,0.000012561700000,0.000000000000000,6.240000000000000,0.000258328000000,0.000000000000000,2.676000000000000,0.000012487200000,0.000001363460000,0.000258090000000,0.000012040200000,5.000000000000000,3005.000000000000000
207.000000000000000,1.000000000000000,0.000012643700000,0.000000000000000,3.930000000000000,0.000243069000000,0.000000000000000,2.862000000000000,0.000012613900000,0.000000864271000,0.000242830000000,0.000012040200000,5.000000000000000,3005.000000000000000
207.000000000000000,1.000000000000000,0.000012487200000,0.000000000000000,5.082000000000000,0.000238896000000,0.000000000000000,2.928000000000000,0.000012442500000,0.000001102690000,0.000238539000000,0.000012159400000,5.000000000000000,3005.000000000000000
207.000000000000000,1.000000000000000,0.000012330800000,0.000000000000000,5.898000000000000,0.000236631000000,0.000000000000000,2.970000000000000,0.000012263700000,0.000001266610000,0.000236274000000,0.000012159400000,5.000000000000000,3005.000000000000000
216.000000000000000,1.000000000000000,0.000011652800000,0.000000000000000,5.580000000000000,0.000192762000000,0.000000000000000,3.648000000000000,0.000011593200000,0.000001132500000,0.000192405000000,0.000012159400000,5.000000000000000,3005.000000000000000
216.000000000000000,1.000000000000000,0.000011235500000,0.000000000000000,6.846000000000000,0.000182153000000,0.000000000000000,3.816000000000000,0.000011153600000,0.000001333660000,0.000181795000000,0.000012040200000,5.000000000000000,3005.000000000000000
216.000000000000000,1.000000000000000,0.000010818300000,0.000000000000000,8.220000000000001,0.000176311000000,0.000000000000000,3.966000000000000,0.000010699100000,0.000001542280000,0.000175954000000,0.000012159400000,5.000000000000000,3005.000000000000000
225.000000000000000,1.000000000000000,0.000008642730000,0.000000000000000,4.644000000000000,0.000108719000000,0.000000000000000,6.654000000000000,0.000008612930000,0.000000692908000,0.000107885000000,0.000012517000000,5.000000000000000,3005.000000000000000
225.000000000000000,1.000000000000000,0.000007599620000,0.000000000000000,4.884000000000000,0.000093102900000,0.000000000000000,7.728000000000000,0.000007569820000,0.000000640754000,0.000092268500000,0.000012517000000,5.000000000000000,3005.000000000000000
225.000000000000000,1.000000000000000,0.000007241990000,0.000000000000000,8.250000000000000,0.000084400600000,0.000000000000000,8.400000000000000,0.000007167490000,0.000001035640000,0.000083447000000,0.000012278600000,5.000000000000000,3005.000000000000000
234.000000000000000,1.000000000000000,0.000007443160000,0.000000000000000,9.689999999999999,0.000013113100000,0.000000000000000,103.122000000000000,0.000007338850000,0.000001251700000,-0.000003099460000,0.000012755500000,5.000000000000000,3005.000000000000000
234.000000000000000,1.000000000000000,0.000007487860000,0.000000000000000,10.302000000000000,0.000026226200000,0.000000000000000,150.635999999999996,0.000007368650000,0.000001333660000,-0.000022888300000,0.000012755500000,5.000000000000000,3005.000000000000000
234.000000000000000,1.000000000000000,0.000007495310000,0.000000000000000,10.811999999999999,0.000036120600000,0.000000000000000,159.156000000000006,0.000007361200000,0.000001400720000,-0.000033855700000,0.000012755500000,5.000000000000000,3005.000000000000000
243.000000000000000,1.000000000000000,0.000009574050000,0.000000000000000,3.030000000000000,0.000131489000000,0.000000000000000,174.330000000000012,0.000009559150000,0.000000506643000,-0.000131012000000,0.000012993900000,5.000000000000000,3005.000000000000000
243.000000000000000,1.000000000000000,0.000010132800000,0.000000000000000,1.884000000000000,0.000153185000000,0.000000000000000,175.110000000000013,0.000010125400000,0.000000327827000,-0.000152827000000,0.000012993900000,5.000000000000000,3005.000000000000000
243.000000000000000,1.000000000000000,0.000010728900000,0.000000000000000,0.786000000000000,0.000165225000000,0.000000000000000,175.445999999999998,0.000010728900000,0.000000141562000,-0.000164867000000,0.000013113100000,5.000000000000000,3005.000000000000000
252.000000000000000,1.000000000000000,0.000013969900000,0.000000000000000,-1.530000000000000,0.000264527000000,0.000000000000000,177.126000000000005,0.000013962400000,-0.000000379981000,-0.000264289000000,0.000013232300000,5.000000000000000,3005.000000000000000
252.000000000000000,1.000000000000000,0.000015005500000,0.000000000000000,-0.282000000000000,0.000286700000000,0.000000000000000,177.348000000000013,0.000015005500000,-0.000000074506300,-0.000286462000000,0.000013232300000,5.000000000000000,3005.000000000000000
252.000000000000000,1.000000000000000,0.000015735700000,0.000000000000000,0.342000000000000,0.000298979000000,0.000000000000000,177.455999999999989,0.000015735700000,0.000000089407400,-0.000298740000000,0.000013232300000,5.000000000000000,3005.000000000000000
261.000000000000000,1.000000000000000,0.000018172100000,0.000000000000000,0.654000000000000,0.000388505000000,0.000000000000000,178.032000000000011,0.000018172100000,0.000000201167000,-0.000388386000000,0.000013232300000,5.000000000000000,3005.000000000000000
261.000000000000000,1.000000000000000,0.000018872400000,0.000000000000000,0.990000000000000,0.000408294000000,0.000000000000000,178.110000000000013,0.000018872400000,0.000000320377000,-0.000408294000000,0.000013351500000,5.000000000000000,3005.000000000000000
261.000000000000000,1.000000000000000,0.000019297100000,0.000000000000000,1.146000000000000,0.000419261000000,0.000000000000000,178.151999999999987,0.000019289700000,0.000000379981000,-0.000419261000000,0.000013470700000,5.000000000000000,3005.000000000000000
270.000000000000000,1.000000000000000,0.000018663800000,0.000000000000000,3.318000000000000,0.000493292000000,0.000000000000000,178.397999999999996,0.000018626600000,0.000001072890000,-0.000493173000000,0.000013709100000,5.000000000000000,3005.000000000000000
270.000000000000000,1.000000000000000,0.000018544600000,0.000000000000000,2.142000000000000,0.000509266000000,0.000000000000000,178.439999999999998,0.000018529700000,0.000000692908000,-0.000509147000000,0.000013828300000,5.000000000000000,3005.000000000000000
270.000000000000000,1.000000000000000,0.000018581900000,0.000000000000000,0.924000000000000,0.000518087000000,0.000000000000000,178.469999999999999,0.000018581900000,0.000000298025000,-0.000518087000000,0.000013828300000,5.000000000000000,3005.000000000000000
279.000000000000000,1.000000000000000,0.000018909700000,0.000000000000000,2.244000000000000,0.000567559000000,0.000000000000000,178.584000000000003,0.000018894800000,0.000000737611000,-0.000567440000000,0.000013947500000,5.000000000000000,3005.000000000000000
279.000000000000000,1.000000000000000,0.000018738300000,0.000000000000000,1.446000000000000,0.000577692000000,0.000000000000000,178.620000000000004,0.000018730900000,0.000000469388000,-0.000577573000000,0.000013828300000,5.000000000000000,3005.000000000000000
279.000000000000000,1.000000000000000,0.000018395600000,0.000000000000000,0.912000000000000,0.000583176000000,0.000000000000000,178.638000000000005,0.000018395600000,0.000000290574000,-0.000583176000000,0.000013828300000,5.000000000000000,3005.000000000000000
288.000000000000000,1.000000000000000,0.000018298700000,0.000000000000000,0.624000000000000,0.000602249000000,0.000000000000000,178.656000000000006,0.000018298700000,0.000000193716000,-0.000602249000000,0.000013947500000,5.000000000000000,3005.000000000000000
288.000000000000000,1.000000000000000,0.000018589300000,0.000000000000000,1.314000000000000,0.000605706000000,0.000000000000000,178.674000000000006,0.000018581900000,0.000000424685000,-0.000605706000000,0.000013947500000,5.000000000000000,3005.000000000000000
288.000000000000000,1.000000000000000,0.000018768100000,0.000000000000000,1.854000000000000,0.000607494000000,0.000000000000000,178.686000000000007,0.000018760700000,0.000000603501000,-0.000607494000000,0.000013828300000,5.000000000000000,3005.000000000000000
297.000000000000000,1.000000000000000,0.000019267300000,0.000000000000000,1.410000000000000,0.000594262000000,0.000000000000000,178.656000000000006,0.000019259900000,0.000000469388000,-0.000594262000000,0.000013828300000,5.000000000000000,3005.000000000000000
297.000000000000000,1.000000000000000,0.000019408900000,0.000000000000000,1.650000000000000,0.000590328000000,0.000000000000000,178.650000000000006,0.000019401400000,0.000000558797000,-0.000590328000000,0.000013828300000,5.000000000000000,3005.000000000000000
297.000000000000000,1.000000000000000,0.000019483400000,0.000000000000000,1.452000000000000,0.000588063000000,0.000000000000000,178.638000000000005,0.000019475900000,0.000000491742000,-0.000588063000000,0.000013947500000,5.000000000000000,3005.000000000000000
306.000000000000000,1.000000000000000,0.000021584400000,0.000000000000000,0.510000000000000,0.000543479000000,0.000000000000000,178.554000000000002,0.000021584400000,0.000000186265000,-0.000543360000000,0.000013709100000,5.000000000000000,3005.000000000000000
306.000000000000000,1.000000000000000,0.000022001700000,0.000000000000000,1.200000000000000,0.000532392000000,0.000000000000000,178.524000000000001,0.000021994200000,0.000000454487000,-0.000532392000000,0.000013709100000,5.000000000000000,3005.000000000000000
306.000000000000000,1.000000000000000,0.000022158100000,0.000000000000000,1.980000000000000,0.000526313000000,0.000000000000000,178.506000000000000,0.000022143200000,0.000000759963000,-0.000526194000000,0.000013709100000,5.000000000000000,3005.000000000000000
315.000000000000000,1.000000000000000,0.000023380000000,0.000000000000000,0.540000000000000,0.000454785000000,0.000000000000000,178.277999999999991,0.000023380000000,0.000000216068000,-0.000454666000000,0.000013589900000,5.000000000000000,3005.000000000000000
315.000000000000000,1.000000000000000,0.000023625900000,0.000000000000000,0.582000000000000,0.000438215000000,0.000000000000000,178.241999999999990,0.000023625900000,0.000000238420000,-0.000438096000000,0.000013351500000,5.000000000000000,3005.000000000000000
315.000000000000000,1.000000000000000,0.000023849400000,0.000000000000000,0.162000000000000,0.000428917000000,0.000000000000000,178.211999999999989,0.000023849400000,0.000000059605100,-0.000428798000000,0.000013351500000,5.000000000000000,3005.000000000000000
324.000000000000000,1.000000000000000,0.000022277400000,0.000000000000000,0.786000000000000,0.000337245000000,0.000000000000000,177.768000000000001,0.000022277400000,0.000000305476000,-0.000337007000000,0.000013113100000,5.000000000000000,3005.000000000000000
324.000000000000000,1.000000000000000,0.000021718600000,0.000000000000000,1.320000000000000,0.000316145000000,0.000000000000000,177.593999999999994,0.000021718600000,0.000000499193000,-0.000316026000000,0.000013232300000,5.000000000000000,3005.000000000000000
324.000000000000000,1.000000000000000,0.000021264100000,0.000000000000000,1.206000000000000,0.000304701000000,0.000000000000000,177.491999999999990,0.000021256600000,0.000000439586000,-0.000304462000000,0.000013232300000,5.000000000000000,3005.000000000000000
333.000000000000000,1.000000000000000,0.000018321100000,0.000000000000000,0.102000000000000,0.000205041000000,0.000000000000000,176.346000000000003,0.000018321100000,0.000000029802500,-0.000204683000000,0.000012993900000,5.000000000000000,3005.000000000000000
333.000000000000000,1.000000000000000,0.000016898000000,0.000000000000000,0.138000000000000,0.000182510000000,0.000000000000000,175.919999999999987,0.000016898000000,0.000000037253100,-0.000182153000000,0.000012993900000,5.000000000000000,3005.000000000000000
333.000000000000000,1.000000000000000,0.000016108300000,0.000000000000000,0.354000000000000,0.000170113000000,0.000000000000000,175.620000000000004,0.000016108300000,0.000000096858000,-0.000169755000000,0.000012993900000,5.000000000000000,3005.000000000000000
342.000000000000000,1.000000000000000,0.000012859800000,0.000000000000000,3.000000000000000,0.000070691600000,0.000000000000000,169.463999999999998,0.000012844900000,0.000000670556000,-0.000069618700000,0.000012874700000,5.000000000000000,3005.000000000000000
342.000000000000000,1.000000000000000,0.000011749600000,0.000000000000000,3.450000000000000,0.000048876000000,0.000000000000000,164.825999999999993,0.000011727300000,0.000000700358000,-0.000047207100000,0.000012755500000,5.000000000000000,3005.000000000000000
342.000000000000000,1.000000000000000,0.000011094000000,0.000000000000000,3.858000000000000,0.000037193500000,0.000000000000000,159.876000000000005,0.000011071600000,0.000000745062000,-0.000035047800000,0.000012755500000,5.000000000000000,3005.000000000000000
351.000000000000000,1.000000000000000,0.000011153600000,0.000000000000000,10.356000000000000,0.000055909400000,0.000000000000000,13.140000000000001,0.000010974800000,0.000002004220000,0.000054478900000,0.000012636200000,5.000000000000000,3005.000000000000000
351.000000000000000,1.000000000000000,0.000010654400000,0.000000000000000,11.544000000000000,0.000074983100000,0.000000000000000,9.762000000000000,0.000010445800000,0.000002130880000,0.000073910200000,0.000012636200000,5.000000000000000,3005.000000000000000
351.000000000000000,1.000000000000000,0.000010445800000,0.000000000000000,11.148000000000000,0.000085711900000,0.000000000000000,8.496000000000000,0.000010252100000,0.000002019120000,0.000084758300000,0.000012636200000,5.000000000000000,3005.000000000000000
360.000000000000000,1.000000000000000,0.000011883700000,0.000000000000000,6.378000000000000,0.000156165000000,0.000000000000000,4.554000000000000,0.000011809200000,0.000001318760000,0.000155688000000,0.000012397800000,5.000000000000000,3005.000000000000000
360.000000000000000,1.000000000000000,0.000012345700000,0.000000000000000,6.882000000000000,0.000171543000000,0.000000000000000,4.122000000000000,0.000012256300000,0.000001475220000,0.000171066000000,0.000012278600000,5.000000000000000,3005.000000000000000
360.000000000000000,1.000000000000000,0.000012457400000,0.000000000000000,5.898000000000000,0.000179888000000,0.000000000000000,3.906000000000000,0.000012390400000,0.000001274060000,0.000179530000000,0.000012159400000,5.000000000000000,3005.000000000000000
