Angle,Magnet current (A),R2w,R2werr,Theta2w,R1w,R1werr,Theta1w,X2,Y2,X1,Y1,I_source (mA),f_source (Hz)
0.000000000000000,0.100000000000000,0.000070464300000,0.000000000000000,-1.176000000000000,0.000098228900000,0.000000000000000,-168.990000000000009,0.000070453200000,-0.000001449150000,-0.000096500400000,-0.000018775600000,5.000000000000000,3005.000000000000000
0.000000000000000,0.100000000000000,0.000070576100000,0.000000000000000,-1.008000000000000,0.000099242200000,0.000000000000000,-169.127999999999986,0.000070564900000,-0.000001240530000,-0.000097573300000,-0.000018775600000,5.000000000000000,3005.000000000000000
0.000000000000000,0.100000000000000,0.000070851800000,0.000000000000000,-1.170000000000000,0.000099659400000,0.000000000000000,-169.086000000000013,0.000070840600000,-0.000001445420000,-0.000097871300000,-0.000018894800000,5.000000000000000,3005.000000000000000
9.000000000000000,0.100000000000000,0.000071086500000,0.000000000000000,-1.254000000000000,0.000063121800000,0.000000000000000,-162.509999999999991,0.000071067800000,-0.000001557180000,-0.000060200900000,-0.000019014000000,5.000000000000000,3005.000000000000000
9.000000000000000,0.100000000000000,0.000066280800000,0.000000000000000,-1.554000000000000,0.000019073600000,0.000000000000000,-90.900000000000006,0.000066258500000,-0.000001799320000,-0.000000357630000,-0.000019133200000,5.000000000000000,3005.000000000000000
9.000000000000000,0.100000000000000,0.000060171100000,0.000000000000000,-2.130000000000000,0.000029742800000,0.000000000000000,-39.917999999999999,0.000060133900000,-0.000002238910000,0.000022828700000,-0.000019133200000,5.000000000000000,3005.000000000000000
18.000000000000000,0.100000000000000,0.000056263300000,0.000000000000000,-2.574000000000000,0.000061989300000,0.000000000000000,-17.706000000000000,0.000056207400000,-0.000002529490000,0.000059068400000,-0.000018894800000,5.000000000000000,3005.000000000000000
18.000000000000000,0.100000000000000,0.000050884000000,0.000000000000000,-2.508000000000000,0.000107289000000,0.000000000000000,-10.122000000000000,0.000050831800000,-0.000002227740000,0.000105620000000,-0.000018894800000,5.000000000000000,3005.000000000000000
18.000000000000000,0.100000000000000,0.000044338600000,0.000000000000000,-2.406000000000000,0.000125171000000,0.000000000000000,-8.651999999999999,0.000044301400000,-0.000001866380000,0.000123740000000,-0.000018835200000,5.000000000000000,3005.000000000000000
27.000000000000000,0.100000000000000,0.000040177500000,0.000000000000000,-2.280000000000000,0.000150443000000,0.000000000000000,-7.278000000000000,0.000040144000000,-0.000001601880000,0.000149251000000,-0.000019073600000,5.000000000000000,3005.000000000000000
27.000000000000000,0.100000000000000,0.000035021700000,0.000000000000000,-2.580000000000000,0.000182034000000,0.000000000000000,-6.054000000000000,0.000034988200000,-0.000001579530000,0.000181080000000,-0.000019252400000,5.000000000000000,3005.000000000000000
27.000000000000000,0.100000000000000,0.000028886000000,0.000000000000000,-3.180000000000000,0.000194133000000,0.000000000000000,-5.664000000000000,0.000028848800000,-0.000001605610000,0.000193180000000,-0.000019192800000,5.000000000000000,3005.000000000000000
36.000000000000000,0.100000000000000,0.000025179400000,0.000000000000000,-3.492000000000000,0.000210227000000,0.000000000000000,-5.202000000000000,0.000025134700000,-0.000001534830000,0.000209332000000,-0.000019073600000,5.000000000000000,3005.000000000000000
36.000000000000000,0.100000000000000,0.000020858000000,0.000000000000000,-4.260000000000000,0.000228704000000,0.000000000000000,-4.824000000000000,0.000020802100000,-0.000001553450000,0.000227869000000,-0.000019252400000,5.000000000000000,3005.000000000000000
36.000000000000000,0.100000000000000,0.000015795300000,0.000000000000000,-5.532000000000000,0.000235976000000,0.000000000000000,-4.716000000000000,0.000015720800000,-0.000001523650000,0.000235141000000,-0.000019431200000,5.000000000000000,3005.000000000000000
45.000000000000000,0.100000000000000,0.000012744300000,0.000000000000000,-6.594000000000000,0.000242175000000,0.000000000000000,-4.554000000000000,0.000012662300000,-0.000001464050000,0.000241400000000,-0.000019252400000,5.000000000000000,3005.000000000000000
45.000000000000000,0.100000000000000,0.000009272310000,0.000000000000000,-8.976000000000001,0.000248553000000,0.000000000000000,-4.416000000000000,0.000009156820000,-0.000001449150000,0.000247838000000,-0.000019133200000,5.000000000000000,3005.000000000000000
45.000000000000000,0.100000000000000,0.000005167010000,0.000000000000000,-14.904000000000000,0.000250937000000,0.000000000000000,-4.386000000000000,0.000004995640000,-0.000001333660000,0.000250163000000,-0.000019252400000,5.000000000000000,3005.000000000000000
54.000000000000000,0.100000000000000,0.000002816330000,0.000000000000000,-24.504000000000001,0.000249149000000,0.000000000000000,-4.470000000000000,0.000002563010000,-0.000001173470000,0.000248374000000,-0.000019490800000,5.000000000000000,3005.000000000000000
54.000000000000000,0.100000000000000,0.000001169750000,0.000000000000000,-92.772000000000005,0.000244262000000,0.000000000000000,-4.518000000000000,-0.000000059605100,-0.000001173470000,0.000243486000000,-0.000019252400000,5.000000000000000,3005.000000000000000
54.000000000000000,0.100000000000000,0.000003449630000,0.000000000000000,-158.466000000000008,0.000242234000000,0.000000000000000,-4.554000000000000,-0.000003211210000,-0.000001270330000,0.000241459000000,-0.000019252400000,5.000000000000000,3005.000000000000000
63.000000000000000,0.100000000000000,0.000005312290000,0.000000000000000,-165.240000000000009,0.000232519000000,0.000000000000000,-4.734000000000000,-0.000005137200000,-0.000001356010000,0.000231684000000,-0.000019252400000,5.000000000000000,3005.000000000000000
63.000000000000000,0.100000000000000,0.000006970050000,0.000000000000000,-169.421999999999997,0.000217141000000,0.000000000000000,-5.082000000000000,-0.000006854560000,-0.000001281510000,0.000216247000000,-0.000019252400000,5.000000000000000,3005.000000000000000
63.000000000000000,0.100000000000000,0.000008933300000,0.000000000000000,-172.068000000000012,0.000211180000000,0.000000000000000,-5.196000000000000,-0.000008851350000,-0.000001236800000,0.000210346000000,-0.000019133200000,5.000000000000000,3005.000000000000000
72.000000000000000,0.100000000000000,0.000010166400000,0.000000000000000,-173.412000000000006,0.000193060000000,0.000000000000000,-5.754000000000000,-0.000010103000000,-0.000001169750000,0.000192107000000,-0.000019371600000,5.000000000000000,3005.000000000000000
72.000000000000000,0.100000000000000,0.000010904000000,0.000000000000000,-173.927999999999997,0.000167192000000,0.000000000000000,-6.618000000000000,-0.000010848100000,-0.000001154850000,0.000166119000000,-0.000019312000000,5.000000000000000,3005.000000000000000
72.000000000000000,0.100000000000000,0.000011716100000,0.000000000000000,-173.777999999999991,0.000157119000000,0.000000000000000,-7.002000000000000,-0.000011652800000,-0.000001270330000,0.000155986000000,-0.000019192800000,5.000000000000000,3005.000000000000000
81.000000000000000,0.100000000000000,0.000012230200000,0.000000000000000,-173.927999999999997,0.000132144000000,0.000000000000000,-8.268000000000001,-0.000012163100000,-0.000001296410000,0.000130774000000,-0.000019014000000,5.000000000000000,3005.000000000000000
81.000000000000000,0.100000000000000,0.000012111000000,0.000000000000000,-173.093999999999994,0.000096977200000,0.000000000000000,-11.375999999999999,-0.000012029000000,-0.000001460320000,0.000095069900000,-0.000019133200000,5.000000000000000,3005.000000000000000
81.000000000000000,0.100000000000000,0.000011954500000,0.000000000000000,-172.098000000000013,0.000083148900000,0.000000000000000,-13.295999999999999,-0.000011846500000,-0.000001646590000,0.000080943600000,-0.000019133200000,5.000000000000000,3005.000000000000000
90.000000000000000,0.100000000000000,0.000011816700000,0.000000000000000,-171.713999999999998,0.000051796700000,0.000000000000000,-21.420000000000002,-0.000011697500000,-0.000001706190000,0.000048280000000,-0.000018954400000,5.000000000000000,3005.000000000000000
90.000000000000000,0.100000000000000,0.000010870500000,0.000000000000000,-173.538000000000011,0.000018894800000,0.000000000000000,-83.123999999999995,-0.000010803400000,-0.000001225630000,0.000002264990000,-0.000018835200000,5.000000000000000,3005.000000000000000
90.000000000000000,0.100000000000000,0.000009670910000,0.000000000000000,-176.526000000000010,0.000024378400000,0.000000000000000,-129.966000000000008,-0.000009659740000,-0.000000588600000,-0.000015735700000,-0.000018775600000,5.000000000000000,3005.000000000000000
99.000000000000000,0.100000000000000,0.000008814100000,0.000000000000000,-178.806000000000011,0.000057637900000,0.000000000000000,-161.051999999999992,-0.000008814100000,-0.000000186265000,-0.000054598100000,-0.000018775600000,5.000000000000000,3005.000000000000000
99.000000000000000,0.100000000000000,0.000006720450000,0.000000000000000,-175.650000000000006,0.000109792000000,0.000000000000000,-170.195999999999998,-0.000006705550000,-0.000000510368000,-0.000108243000000,-0.000018716000000,5.000000000000000,3005.000000000000000
99.000000000000000,0.100000000000000,0.000004336270000,0.000000000000000,-166.943999999999988,0.000130535000000,0.000000000000000,-171.798000000000002,-0.000004228230000,-0.000000983484000,-0.000129283000000,-0.000018656400000,5.000000000000000,3005.000000000000000
108.000000000000000,0.100000000000000,0.000002898290000,0.000000000000000,-158.207999999999998,0.000174404000000,0.000000000000000,-173.867999999999995,-0.000002693400000,-0.000001080340000,-0.000173450000000,-0.000018656400000,5.000000000000000,3005.000000000000000
108.000000000000000,0.100000000000000,0.000001221900000,0.000000000000000,-79.152000000000001,0.000234664000000,0.000000000000000,-175.439999999999998,0.000000227244000,-0.000001203280000,-0.000234009000000,-0.000018716000000,5.000000000000000,3005.000000000000000
108.000000000000000,0.100000000000000,0.000003982360000,0.000000000000000,-19.205999999999999,0.000258269000000,0.000000000000000,-175.872000000000014,0.000003758830000,-0.000001311310000,-0.000257673000000,-0.000018656400000,5.000000000000000,3005.000000000000000
117.000000000000000,0.100000000000000,0.000006143030000,0.000000000000000,-13.080000000000000,0.000302972000000,0.000000000000000,-176.496000000000009,0.000005982850000,-0.000001393270000,-0.000302495000000,-0.000018537200000,5.000000000000000,3005.000000000000000
117.000000000000000,0.100000000000000,0.000009086040000,0.000000000000000,-8.922000000000001,0.000363531000000,0.000000000000000,-177.078000000000003,0.000008978010000,-0.000001411890000,-0.000363113000000,-0.000018537200000,5.000000000000000,3005.000000000000000
117.000000000000000,0.100000000000000,0.000012528200000,0.000000000000000,-6.522000000000000,0.000386776000000,0.000000000000000,-177.258000000000010,0.000012446300000,-0.000001426790000,-0.000386419000000,-0.000018537200000,5.000000000000000,3005.000000000000000
126.000000000000000,0.100000000000000,0.000014577100000,0.000000000000000,-6.552000000000000,0.000428023000000,0.000000000000000,-177.521999999999991,0.000014480300000,-0.000001665210000,-0.000427725000000,-0.000018537200000,5.000000000000000,3005.000000000000000
126.000000000000000,0.100000000000000,0.000016197700000,0.000000000000000,-5.940000000000000,0.000482621000000,0.000000000000000,-177.816000000000002,0.000016112000000,-0.000001680110000,-0.000482323000000,-0.000018418000000,5.000000000000000,3005.000000000000000
126.000000000000000,0.100000000000000,0.000018000700000,0.000000000000000,-5.028000000000000,0.000503544000000,0.000000000000000,-177.906000000000006,0.000017929900000,-0.000001579530000,-0.000503246000000,-0.000018418000000,5.000000000000000,3005.000000000000000
135.000000000000000,0.100000000000000,0.000019028900000,0.000000000000000,-5.184000000000000,0.000532929000000,0.000000000000000,-178.026000000000010,0.000018954400000,-0.000001721090000,-0.000532690000000,-0.000018418000000,5.000000000000000,3005.000000000000000
135.000000000000000,0.100000000000000,0.000017024700000,0.000000000000000,-6.090000000000000,0.000568930000000,0.000000000000000,-178.151999999999987,0.000016927800000,-0.000001806770000,-0.000568692000000,-0.000018418000000,5.000000000000000,3005.000000000000000
135.000000000000000,0.100000000000000,0.000014245600000,0.000000000000000,-7.026000000000000,0.000582818000000,0.000000000000000,-178.211999999999989,0.000014137500000,-0.000001743440000,-0.000582639000000,-0.000018179500000,5.000000000000000,3005.000000000000000
144.000000000000000,0.100000000000000,0.000012323300000,0.000000000000000,-7.740000000000000,0.000590507000000,0.000000000000000,-178.235999999999990,0.000012211600000,-0.000001661490000,-0.000590328000000,-0.000018179500000,5.000000000000000,3005.000000000000000
144.000000000000000,0.100000000000000,0.000004451750000,0.000000000000000,-20.417999999999999,0.000595156000000,0.000000000000000,-178.229999999999990,0.000004176080000,-0.000001553450000,-0.000594918000000,-0.000018418000000,5.000000000000000,3005.000000000000000
144.000000000000000,0.100000000000000,0.000005941870000,0.000000000000000,-165.611999999999995,0.000596527000000,0.000000000000000,-178.247999999999990,-0.000005759330000,-0.000001478950000,-0.000596348000000,-0.000018298700000,5.000000000000000,3005.000000000000000
153.000000000000000,0.100000000000000,0.000012382900000,0.000000000000000,-173.478000000000008,0.000576500000000,0.000000000000000,-178.187999999999988,-0.000012308400000,-0.000001408170000,-0.000576261000000,-0.000018239100000,5.000000000000000,3005.000000000000000
153.000000000000000,0.100000000000000,0.000023972400000,0.000000000000000,-176.843999999999994,0.000542287000000,0.000000000000000,-178.086000000000013,-0.000023942600000,-0.000001322490000,-0.000542048000000,-0.000018119900000,5.000000000000000,3005.000000000000000
153.000000000000000,0.100000000000000,0.000037856600000,0.000000000000000,-178.056000000000011,0.000528935000000,0.000000000000000,-178.020000000000010,-0.000037838000000,-0.000001285230000,-0.000528697000000,-0.000018358300000,5.000000000000000,3005.000000000000000
162.000000000000000,0.100000000000000,0.000046506800000,0.000000000000000,-178.421999999999997,0.000484707000000,0.000000000000000,-177.810000000000002,-0.000046491900000,-0.000001285230000,-0.000484409000000,-0.000018537200000,5.000000000000000,3005.000000000000000
162.000000000000000,0.100000000000000,0.000055257500000,0.000000000000000,-178.872000000000014,0.000419619000000,0.000000000000000,-177.485999999999990,-0.000055253700000,-0.000001087790000,-0.000419261000000,-0.000018418000000,5.000000000000000,3005.000000000000000
162.000000000000000,0.100000000000000,0.000065397900000,0.000000000000000,-179.195999999999998,0.000394287000000,0.000000000000000,-177.318000000000012,-0.000065394200000,-0.000000920150000,-0.000393929000000,-0.000018477600000,5.000000000000000,3005.000000000000000
171.000000000000000,0.100000000000000,0.000071377000000,0.000000000000000,-179.237999999999999,0.000339033000000,0.000000000000000,-176.879999999999995,-0.000071377000000,-0.000000953682000,-0.000338616000000,-0.000018477600000,5.000000000000000,3005.000000000000000
171.000000000000000,0.100000000000000,0.000073355200000,0.000000000000000,-179.207999999999998,0.000262799000000,0.000000000000000,-175.949999999999988,-0.000073351400000,-0.000001017010000,-0.000262203000000,-0.000018596800000,5.000000000000000,3005.000000000000000
171.000000000000000,0.100000000000000,0.000075277400000,0.000000000000000,-179.280000000000001,0.000233294000000,0.000000000000000,-175.445999999999998,-0.000075277400000,-0.000000946227000,-0.000232638000000,-0.000018537200000,5.000000000000000,3005.000000000000000
180.000000000000000,0.100000000000000,0.000076193800000,0.000000000000000,-179.388000000000005,0.000179411000000,0.000000000000000,-174.030000000000001,-0.000076193800000,-0.000000819568000,-0.000178517000000,-0.000018716000000,5.000000000000000,3005.000000000000000
180.000000000000000,0.100000000000000,0.000072874600000,0.000000000000000,-179.388000000000005,0.000108481000000,0.000000000000000,-170.039999999999992,-0.000072874600000,-0.000000782315000,-0.000106872000000,-0.000018775600000,5.000000000000000,3005.000000000000000
180.000000000000000,0.100000000000000,0.000068694800000,0.000000000000000,-179.430000000000007,0.000081301200000,0.000000000000000,-166.560000000000002,-0.000068694800000,-0.000000685457000,-0.000079095800000,-0.000018954400000,5.000000000000000,3005.000000000000000
189.000000000000000,0.100000000000000,0.000066102000000,0.000000000000000,-179.508000000000010,0.000039160500000,0.000000000000000,-150.948000000000007,-0.000066102000000,-0.000000573698000,-0.000034272900000,-0.000019073600000,5.000000000000000,3005.000000000000000
189.000000000000000,0.100000000000000,0.000060998100000,0.000000000000000,-179.081999999999993,0.000030219700000,0.000000000000000,-38.789999999999999,-0.000060994400000,-0.000000983484000,0.000023544000000,-0.000019014000000,5.000000000000000,3005.000000000000000
189.000000000000000,0.100000000000000,0.000054855100000,0.000000000000000,-178.385999999999996,0.000049829700000,0.000000000000000,-22.314000000000000,-0.000054836500000,-0.000001549730000,0.000046074600000,-0.000018954400000,5.000000000000000,3005.000000000000000
198.000000000000000,0.100000000000000,0.000051018100000,0.000000000000000,-177.876000000000005,0.000082552900000,0.000000000000000,-13.398000000000000,-0.000050988300000,-0.000001892450000,0.000080287900000,-0.000019192800000,5.000000000000000,3005.000000000000000
198.000000000000000,0.100000000000000,0.000045594100000,0.000000000000000,-177.840000000000003,0.000124813000000,0.000000000000000,-8.814000000000000,-0.000045564300000,-0.000001721090000,0.000123383000000,-0.000019133200000,5.000000000000000,3005.000000000000000
198.000000000000000,0.100000000000000,0.000039331800000,0.000000000000000,-177.954000000000008,0.000141502000000,0.000000000000000,-7.782000000000000,-0.000039309500000,-0.000001404440000,0.000140191000000,-0.000019133200000,5.000000000000000,3005.000000000000000
207.000000000000000,0.100000000000000,0.000035561900000,0.000000000000000,-178.002000000000009,0.000164808000000,0.000000000000000,-6.702000000000000,-0.000035543200000,-0.000001240530000,0.000163675000000,-0.000019252400000,5.000000000000000,3005.000000000000000
207.000000000000000,0.100000000000000,0.000030566200000,0.000000000000000,-178.002000000000009,0.000193656000000,0.000000000000000,-5.676000000000000,-0.000030551300000,-0.000001069170000,0.000192703000000,-0.000019192800000,5.000000000000000,3005.000000000000000
207.000000000000000,0.100000000000000,0.000024702500000,0.000000000000000,-177.479999999999990,0.000204862000000,0.000000000000000,-5.388000000000000,-0.000024683900000,-0.000001087790000,0.000203968000000,-0.000019252400000,5.000000000000000,3005.000000000000000
216.000000000000000,0.100000000000000,0.000021092700000,0.000000000000000,-176.819999999999993,0.000218512000000,0.000000000000000,-5.076000000000000,-0.000021062900000,-0.000001173470000,0.000217617000000,-0.000019371600000,5.000000000000000,3005.000000000000000
216.000000000000000,0.100000000000000,0.000016760200000,0.000000000000000,-176.033999999999992,0.000234366000000,0.000000000000000,-4.704000000000000,-0.000016726700000,-0.000001162300000,0.000233592000000,-0.000019252400000,5.000000000000000,3005.000000000000000
216.000000000000000,0.100000000000000,0.000011734700000,0.000000000000000,-174.264000000000010,0.000240446000000,0.000000000000000,-4.578000000000000,-0.000011678800000,-0.000001173470000,0.000239671000000,-0.000019252400000,5.000000000000000,3005.000000000000000
225.000000000000000,0.100000000000000,0.000008594300000,0.000000000000000,-172.313999999999993,0.000245513000000,0.000000000000000,-4.548000000000000,-0.000008519800000,-0.000001151120000,0.000244739000000,-0.000019490800000,5.000000000000000,3005.000000000000000
225.000000000000000,0.100000000000000,0.000005349550000,0.000000000000000,-167.370000000000004,0.000249805000000,0.000000000000000,-4.452000000000000,-0.000005222890000,-0.000001173470000,0.000249030000000,-0.000019431200000,5.000000000000000,3005.000000000000000
225.000000000000000,0.100000000000000,0.000001929710000,0.000000000000000,-140.538000000000011,0.000251414000000,0.000000000000000,-4.404000000000000,-0.000001490120000,-0.000001229350000,0.000250639000000,-0.000019312000000,5.000000000000000,3005.000000000000000
234.000000000000000,0.100000000000000,0.000001478950000,0.000000000000000,-60.030000000000001,0.000248494000000,0.000000000000000,-4.446000000000000,0.000000737611000,-0.000001285230000,0.000247778000000,-0.000019312000000,5.000000000000000,3005.000000000000000
234.000000000000000,0.100000000000000,0.000003386300000,0.000000000000000,-23.111999999999998,0.000242532000000,0.000000000000000,-4.596000000000000,0.000003114360000,-0.000001333660000,0.000241757000000,-0.000019490800000,5.000000000000000,3005.000000000000000
234.000000000000000,0.100000000000000,0.000005979120000,0.000000000000000,-13.278000000000000,0.000240029000000,0.000000000000000,-4.608000000000000,0.000005818930000,-0.000001374640000,0.000239254000000,-0.000019312000000,5.000000000000000,3005.000000000000000
243.000000000000000,0.100000000000000,0.000007607070000,0.000000000000000,-10.343999999999999,0.000229717000000,0.000000000000000,-4.776000000000000,0.000007484140000,-0.000001367190000,0.000228942000000,-0.000019133200000,5.000000000000000,3005.000000000000000
243.000000000000000,0.100000000000000,0.000009257400000,0.000000000000000,-9.240000000000000,0.000213982000000,0.000000000000000,-5.118000000000000,0.000009138200000,-0.000001490120000,0.000213147000000,-0.000019133200000,5.000000000000000,3005.000000000000000
243.000000000000000,0.100000000000000,0.000011112600000,0.000000000000000,-7.428000000000000,0.000207842000000,0.000000000000000,-5.238000000000000,0.000011019500000,-0.000001437970000,0.000207008000000,-0.000019014000000,5.000000000000000,3005.000000000000000
252.000000000000000,0.100000000000000,0.000012382900000,0.000000000000000,-6.336000000000000,0.000190259000000,0.000000000000000,-5.772000000000000,0.000012308400000,-0.000001367190000,0.000189305000000,-0.000019133200000,5.000000000000000,3005.000000000000000
252.000000000000000,0.100000000000000,0.000013407400000,0.000000000000000,-6.018000000000000,0.000164808000000,0.000000000000000,-6.666000000000000,0.000013332900000,-0.000001408170000,0.000163675000000,-0.000019133200000,5.000000000000000,3005.000000000000000
252.000000000000000,0.100000000000000,0.000014461600000,0.000000000000000,-6.006000000000000,0.000155033000000,0.000000000000000,-7.110000000000000,0.000014379700000,-0.000001516200000,0.000153841000000,-0.000019252400000,5.000000000000000,3005.000000000000000
261.000000000000000,0.100000000000000,0.000014990600000,0.000000000000000,-6.024000000000000,0.000131191000000,0.000000000000000,-8.340000000000000,0.000014908700000,-0.000001575810000,0.000129820000000,-0.000019073600000,5.000000000000000,3005.000000000000000
261.000000000000000,0.100000000000000,0.000014986900000,0.000000000000000,-6.270000000000000,0.000097275200000,0.000000000000000,-11.172000000000001,0.000014897500000,-0.000001639140000,0.000095487100000,-0.000018894800000,5.000000000000000,3005.000000000000000
261.000000000000000,0.100000000000000,0.000014916100000,0.000000000000000,-6.996000000000000,0.000084102600000,0.000000000000000,-12.972000000000000,0.000014808100000,-0.000001817950000,0.000082016500000,-0.000018954400000,5.000000000000000,3005.000000000000000
270.000000000000000,0.100000000000000,0.000014755900000,0.000000000000000,-7.674000000000000,0.000054419300000,0.000000000000000,-20.562000000000001,0.000014621800000,-0.000001970690000,0.000050962200000,-0.000019133200000,5.000000000000000,3005.000000000000000
270.000000000000000,0.100000000000000,0.000013291900000,0.000000000000000,-6.204000000000000,0.000020563700000,0.000000000000000,-68.213999999999999,0.000013213700000,-0.000001437970000,0.000007629450000,-0.000019133200000,5.000000000000000,3005.000000000000000
270.000000000000000,0.100000000000000,0.000011492600000,0.000000000000000,-3.504000000000000,0.000021159800000,0.000000000000000,-116.286000000000001,0.000011474000000,-0.000000704084000,-0.000009417590000,-0.000019014000000,5.000000000000000,3005.000000000000000
279.000000000000000,0.100000000000000,0.000010393600000,0.000000000000000,-2.022000000000000,0.000049770100000,0.000000000000000,-157.860000000000013,0.000010386200000,-0.000000368806000,-0.000046134200000,-0.000018775600000,5.000000000000000,3005.000000000000000
279.000000000000000,0.100000000000000,0.000008363330000,0.000000000000000,-4.458000000000000,0.000099301800000,0.000000000000000,-169.265999999999991,0.000008337260000,-0.000000651929000,-0.000097632900000,-0.000018537200000,5.000000000000000,3005.000000000000000
279.000000000000000,0.100000000000000,0.000005979120000,0.000000000000000,-9.726000000000001,0.000119031000000,0.000000000000000,-171.030000000000001,0.000005889710000,-0.000001013290000,-0.000117600000000,-0.000018596800000,5.000000000000000,3005.000000000000000
288.000000000000000,0.100000000000000,0.000004444300000,0.000000000000000,-16.367999999999999,0.000160874000000,0.000000000000000,-173.316000000000002,0.000004265490000,-0.000001255430000,-0.000159861000000,-0.000018775600000,5.000000000000000,3005.000000000000000
288.000000000000000,0.100000000000000,0.000001810500000,0.000000000000000,-46.859999999999999,0.000218512000000,0.000000000000000,-175.145999999999986,0.000001236800000,-0.000001326210000,-0.000217796000000,-0.000018537200000,5.000000000000000,3005.000000000000000
288.000000000000000,0.100000000000000,0.000002644970000,0.000000000000000,-150.240000000000009,0.000240744000000,0.000000000000000,-175.650000000000006,-0.000002298520000,-0.000001315030000,-0.000240088000000,-0.000018298700000,5.000000000000000,3005.000000000000000
297.000000000000000,0.100000000000000,0.000004936040000,0.000000000000000,-164.490000000000009,0.000284197000000,0.000000000000000,-176.274000000000001,-0.000004757220000,-0.000001322490000,-0.000283660000000,-0.000018477600000,5.000000000000000,3005.000000000000000
297.000000000000000,0.100000000000000,0.000008173350000,0.000000000000000,-169.997999999999990,0.000342669000000,0.000000000000000,-176.915999999999997,-0.000008054140000,-0.000001423070000,-0.000342252000000,-0.000018477600000,5.000000000000000,3005.000000000000000
297.000000000000000,0.100000000000000,0.000012073700000,0.000000000000000,-173.135999999999996,0.000365557000000,0.000000000000000,-177.144000000000005,-0.000011991800000,-0.000001445420000,-0.000365200000000,-0.000018239100000,5.000000000000000,3005.000000000000000
306.000000000000000,0.100000000000000,0.000014525000000,0.000000000000000,-174.467999999999989,0.000406923000000,0.000000000000000,-177.419999999999987,-0.000014461600000,-0.000001400720000,-0.000406625000000,-0.000018358300000,5.000000000000000,3005.000000000000000
306.000000000000000,0.100000000000000,0.000016663300000,0.000000000000000,-175.409999999999996,0.000461819000000,0.000000000000000,-177.731999999999999,-0.000016614900000,-0.000001333660000,-0.000461521000000,-0.000018358300000,5.000000000000000,3005.000000000000000
306.000000000000000,0.100000000000000,0.000019110900000,0.000000000000000,-175.979999999999990,0.000482978000000,0.000000000000000,-177.834000000000003,-0.000019066200000,-0.000001341110000,-0.000482740000000,-0.000018298700000,5.000000000000000,3005.000000000000000
315.000000000000000,0.100000000000000,0.000020649400000,0.000000000000000,-176.141999999999996,0.000514928000000,0.000000000000000,-177.954000000000008,-0.000020608400000,-0.000001393270000,-0.000514630000000,-0.000018418000000,5.000000000000000,3005.000000000000000
315.000000000000000,0.100000000000000,0.000019319500000,0.000000000000000,-175.836000000000013,0.000554565000000,0.000000000000000,-178.098000000000013,-0.000019274800000,-0.000001404440000,-0.000554327000000,-0.000018477600000,5.000000000000000,3005.000000000000000
315.000000000000000,0.100000000000000,0.000017661700000,0.000000000000000,-175.355999999999994,0.000569943000000,0.000000000000000,-178.157999999999987,-0.000017609600000,-0.000001430520000,-0.000569705000000,-0.000018358300000,5.000000000000000,3005.000000000000000
324.000000000000000,0.100000000000000,0.000016529200000,0.000000000000000,-174.816000000000002,0.000583176000000,0.000000000000000,-178.193999999999988,-0.000016465900000,-0.000001493850000,-0.000582937000000,-0.000018418000000,5.000000000000000,3005.000000000000000
324.000000000000000,0.100000000000000,0.000009562880000,0.000000000000000,-170.207999999999998,0.000595514000000,0.000000000000000,-178.229999999999990,-0.000009428770000,-0.000001627960000,-0.000595275000000,-0.000018477600000,5.000000000000000,3005.000000000000000
324.000000000000000,0.100000000000000,0.000001728540000,0.000000000000000,-110.981999999999999,0.000600222000000,0.000000000000000,-178.253999999999990,-0.000000622127000,-0.000001616780000,-0.000600044000000,-0.000018298700000,5.000000000000000,3005.000000000000000
333.000000000000000,0.100000000000000,0.000005442680000,0.000000000000000,-17.826000000000000,0.000586692000000,0.000000000000000,-178.211999999999989,0.000005181910000,-0.000001668940000,-0.000586454000000,-0.000018358300000,5.000000000000000,3005.000000000000000
333.000000000000000,0.100000000000000,0.000017021000000,0.000000000000000,-5.946000000000000,0.000561241000000,0.000000000000000,-178.133999999999986,0.000016931600000,-0.000001765790000,-0.000561003000000,-0.000018298700000,5.000000000000000,3005.000000000000000
333.000000000000000,0.100000000000000,0.000030920100000,0.000000000000000,-3.570000000000000,0.000551049000000,0.000000000000000,-178.086000000000013,0.000030860500000,-0.000001929710000,-0.000550810000000,-0.000018418000000,5.000000000000000,3005.000000000000000
342.000000000000000,0.100000000000000,0.000039734200000,0.000000000000000,-2.622000000000000,0.000511650000000,0.000000000000000,-177.948000000000007,0.000039693200000,-0.000001817950000,-0.000511412000000,-0.000018418000000,5.000000000000000,3005.000000000000000
342.000000000000000,0.100000000000000,0.000049725400000,0.000000000000000,-2.154000000000000,0.000452699000000,0.000000000000000,-177.665999999999997,0.000049688200000,-0.000001870100000,-0.000452401000000,-0.000018477600000,5.000000000000000,3005.000000000000000
342.000000000000000,0.100000000000000,0.000061311300000,0.000000000000000,-1.914000000000000,0.000429453000000,0.000000000000000,-177.551999999999992,0.000061277800000,-0.000002052650000,-0.000429155000000,-0.000018418000000,5.000000000000000,3005.000000000000000
351.000000000000000,0.100000000000000,0.000068322300000,0.000000000000000,-1.602000000000000,0.000375928000000,0.000000000000000,-177.180000000000007,0.000068296200000,-0.000001911090000,-0.000375511000000,-0.000018537200000,5.000000000000000,3005.000000000000000
351.000000000000000,0.100000000000000,0.000072010300000,0.000000000000000,-1.476000000000000,0.000301423000000,0.000000000000000,-176.472000000000008,0.000071988000000,-0.000001858930000,-0.000300886000000,-0.000018596800000,5.000000000000000,3005.000000000000000
351.000000000000000,0.100000000000000,0.000075780300000,0.000000000000000,-1.386000000000000,0.000272335000000,0.000000000000000,-176.069999999999993,0.000075754200000,-0.000001836580000,-0.000271739000000,-0.000018716000000,5.000000000000000,3005.000000000000000
360.000000000000000,0.100000000000000,0.000077959600000,0.000000000000000,-1.422000000000000,0.000217379000000,0.000000000000000,-175.050000000000011,0.000077933500000,-0.000001937170000,-0.000216664000000,-0.000018775600000,5.000000000000000,3005.000000000000000
360.000000000000000,0.100000000000000,0.000076260900000,0.000000000000000,-1.392000000000000,0.000143946000000,0.000000000000000,-172.524000000000001,0.000076238500000,-0.000001851480000,-0.000142814000000,-0.000018775600000,5.000000000000000,3005.000000000000000
360.000000000000000,0.100000000000000,0.000073817100000,0.000000000000000,-1.374000000000000,0.000115395000000,0.000000000000000,-170.526000000000010,0.000073798500000,-0.000001769520000,-0.000113905000000,-0.000019014000000,5.000000000000000,3005.000000000000000
0.000000000000000,0.200000000000000,0.000086688000000,0.000000000000000,-179.256000000000000,0.000035345800000,0.000000000000000,-147.852000000000004,-0.000086684200000,-0.000001128770000,-0.000029981300000,-0.000018835200000,5.000000000000000,3005.000000000000000
0.000000000000000,0.200000000000000,0.000028468800000,0.000000000000000,-177.725999999999999,0.000052690700000,0.000000000000000,-158.951999999999998,-0.000028450200000,-0.000001132500000,-0.000049233700000,-0.000018954400000,5.000000000000000,3005.000000000000000
0.000000000000000,0.200000000000000,0.000008300000000,0.000000000000000,-6.708000000000000,0.000052452300000,0.000000000000000,-158.813999999999993,0.000008244130000,-0.000000972308000,-0.000048935600000,-0.000019014000000,5.000000000000000,3005.000000000000000
9.000000000000000,0.200000000000000,0.000024669000000,0.000000000000000,-1.902000000000000,0.000022590300000,0.000000000000000,-123.689999999999998,0.000024654100000,-0.000000823293000,-0.000012576600000,-0.000018835200000,5.000000000000000,3005.000000000000000
9.000000000000000,0.200000000000000,0.000023950000000,0.000000000000000,-2.862000000000000,0.000047028300000,0.000000000000000,-23.730000000000000,0.000023920200000,-0.000001199550000,0.000043034800000,-0.000018954400000,5.000000000000000,3005.000000000000000
9.000000000000000,0.200000000000000,0.000022243800000,0.000000000000000,-4.488000000000000,0.000067532500000,0.000000000000000,-16.361999999999998,0.000022176800000,-0.000001743440000,0.000064790700000,-0.000019073600000,5.000000000000000,3005.000000000000000
18.000000000000000,0.200000000000000,0.000020995900000,0.000000000000000,-5.436000000000000,0.000100792000000,0.000000000000000,-10.805999999999999,0.000020902700000,-0.000001993040000,0.000099003800000,-0.000018954400000,5.000000000000000,3005.000000000000000
18.000000000000000,0.200000000000000,0.000018928300000,0.000000000000000,-5.628000000000000,0.000143410000000,0.000000000000000,-7.668000000000000,0.000018838900000,-0.000001858930000,0.000142158000000,-0.000019133200000,5.000000000000000,3005.000000000000000
18.000000000000000,0.200000000000000,0.000016421200000,0.000000000000000,-5.778000000000000,0.000159920000000,0.000000000000000,-6.906000000000000,0.000016339200000,-0.000001654040000,0.000158788000000,-0.000019252400000,5.000000000000000,3005.000000000000000
27.000000000000000,0.200000000000000,0.000014901200000,0.000000000000000,-5.520000000000000,0.000183464000000,0.000000000000000,-5.976000000000000,0.000014830400000,-0.000001434240000,0.000182451000000,-0.000019133200000,5.000000000000000,3005.000000000000000
27.000000000000000,0.200000000000000,0.000012856000000,0.000000000000000,-6.624000000000000,0.000211955000000,0.000000000000000,-5.172000000000000,0.000012766600000,-0.000001486400000,0.000211061000000,-0.000019133200000,5.000000000000000,3005.000000000000000
27.000000000000000,0.200000000000000,0.000010348900000,0.000000000000000,-8.202000000000000,0.000223042000000,0.000000000000000,-4.914000000000000,0.000010240900000,-0.000001478950000,0.000222207000000,-0.000019133200000,5.000000000000000,3005.000000000000000
36.000000000000000,0.200000000000000,0.000008884880000,0.000000000000000,-9.132000000000000,0.000234664000000,0.000000000000000,-4.674000000000000,0.000008769390000,-0.000001411890000,0.000233949000000,-0.000019133200000,5.000000000000000,3005.000000000000000
36.000000000000000,0.200000000000000,0.000007059450000,0.000000000000000,-11.070000000000000,0.000247361000000,0.000000000000000,-4.440000000000000,0.000006932790000,-0.000001359740000,0.000246646000000,-0.000019192800000,5.000000000000000,3005.000000000000000
36.000000000000000,0.200000000000000,0.000004816830000,0.000000000000000,-15.401999999999999,0.000252428000000,0.000000000000000,-4.326000000000000,0.000004645470000,-0.000001281510000,0.000251712000000,-0.000019073600000,5.000000000000000,3005.000000000000000
45.000000000000000,0.200000000000000,0.000003516690000,0.000000000000000,-20.856000000000002,0.000252606000000,0.000000000000000,-4.380000000000000,0.000003289450000,-0.000001255430000,0.000251891000000,-0.000019312000000,5.000000000000000,3005.000000000000000
45.000000000000000,0.200000000000000,0.000002119700000,0.000000000000000,-35.213999999999999,0.000249984000000,0.000000000000000,-4.410000000000000,0.000001732270000,-0.000001225630000,0.000249268000000,-0.000019252400000,5.000000000000000,3005.000000000000000
45.000000000000000,0.200000000000000,0.000001348560000,0.000000000000000,-93.257999999999995,0.000248970000000,0.000000000000000,-4.416000000000000,-0.000000078231600,-0.000001348560000,0.000248196000000,-0.000019192800000,5.000000000000000,3005.000000000000000
54.000000000000000,0.200000000000000,0.000001933440000,0.000000000000000,-129.060000000000002,0.000237883000000,0.000000000000000,-4.614000000000000,-0.000001221900000,-0.000001505020000,0.000237108000000,-0.000019133200000,5.000000000000000,3005.000000000000000
54.000000000000000,0.200000000000000,0.000002488510000,0.000000000000000,-143.711999999999989,0.000220419000000,0.000000000000000,-4.980000000000000,-0.000002007950000,-0.000001475220000,0.000219584000000,-0.000019133200000,5.000000000000000,3005.000000000000000
54.000000000000000,0.200000000000000,0.000003438460000,0.000000000000000,-154.080000000000012,0.000213445000000,0.000000000000000,-5.136000000000000,-0.000003095730000,-0.000001505020000,0.000212611000000,-0.000019133200000,5.000000000000000,3005.000000000000000
63.000000000000000,0.200000000000000,0.000004030790000,0.000000000000000,-161.099999999999994,0.000191511000000,0.000000000000000,-5.730000000000000,-0.000003818450000,-0.000001307580000,0.000190557000000,-0.000019133200000,5.000000000000000,3005.000000000000000
63.000000000000000,0.200000000000000,0.000004239410000,0.000000000000000,-162.659999999999996,0.000159682000000,0.000000000000000,-6.918000000000000,-0.000004049420000,-0.000001266610000,0.000158549000000,-0.000019252400000,5.000000000000000,3005.000000000000000
63.000000000000000,0.200000000000000,0.000004481550000,0.000000000000000,-164.123999999999995,0.000147224000000,0.000000000000000,-7.482000000000000,-0.000004313920000,-0.000001229350000,0.000145973000000,-0.000019192800000,5.000000000000000,3005.000000000000000
72.000000000000000,0.200000000000000,0.000004686440000,0.000000000000000,-162.894000000000005,0.000116230000000,0.000000000000000,-9.407999999999999,-0.000004485280000,-0.000001382090000,0.000114680000000,-0.000019014000000,5.000000000000000,3005.000000000000000
72.000000000000000,0.200000000000000,0.000004600760000,0.000000000000000,-157.836000000000013,0.000072837300000,0.000000000000000,-15.036000000000000,-0.000004265490000,-0.000001739720000,0.000070333900000,-0.000018954400000,5.000000000000000,3005.000000000000000
72.000000000000000,0.200000000000000,0.000004604490000,0.000000000000000,-152.358000000000004,0.000056326600000,0.000000000000000,-19.518000000000001,-0.000004082950000,-0.000002138330000,0.000053108000000,-0.000018835200000,5.000000000000000,3005.000000000000000
81.000000000000000,0.200000000000000,0.000004395870000,0.000000000000000,-148.650000000000006,0.000023305500000,0.000000000000000,-53.951999999999998,-0.000003755110000,-0.000002287340000,0.000013709100000,-0.000018894800000,5.000000000000000,3005.000000000000000
81.000000000000000,0.200000000000000,0.000003539040000,0.000000000000000,-150.924000000000006,0.000045240200000,0.000000000000000,-155.304000000000002,-0.000003095730000,-0.000001721090000,-0.000041187000000,-0.000018954400000,5.000000000000000,3005.000000000000000
81.000000000000000,0.200000000000000,0.000002678500000,0.000000000000000,-155.153999999999996,0.000065327200000,0.000000000000000,-163.098000000000013,-0.000002436350000,-0.000001128770000,-0.000062585300000,-0.000019014000000,5.000000000000000,3005.000000000000000
90.000000000000000,0.200000000000000,0.000002346950000,0.000000000000000,-155.723999999999989,0.000108541000000,0.000000000000000,-170.081999999999993,-0.000002145780000,-0.000000968583000,-0.000106931000000,-0.000018716000000,5.000000000000000,3005.000000000000000
90.000000000000000,0.200000000000000,0.000001695010000,0.000000000000000,-136.752000000000009,0.000168622000000,0.000000000000000,-173.657999999999987,-0.000001236800000,-0.000001166020000,-0.000167669000000,-0.000018656400000,5.000000000000000,3005.000000000000000
90.000000000000000,0.200000000000000,0.000001244250000,0.000000000000000,-98.304000000000002,0.000191868000000,0.000000000000000,-174.407999999999987,-0.000000182540000,-0.000001236800000,-0.000191034000000,-0.000018716000000,5.000000000000000,3005.000000000000000
99.000000000000000,0.200000000000000,0.000001348560000,0.000000000000000,-67.674000000000007,0.000238181000000,0.000000000000000,-175.500000000000000,0.000000510368000,-0.000001251700000,-0.000237525000000,-0.000018716000000,5.000000000000000,3005.000000000000000
99.000000000000000,0.200000000000000,0.000002056370000,0.000000000000000,-43.164000000000001,0.000301005000000,0.000000000000000,-176.478000000000008,0.000001501300000,-0.000001411890000,-0.000300469000000,-0.000018537200000,5.000000000000000,3005.000000000000000
99.000000000000000,0.200000000000000,0.000003058480000,0.000000000000000,-29.219999999999999,0.000325562000000,0.000000000000000,-176.759999999999991,0.000002667320000,-0.000001493850000,-0.000325086000000,-0.000018418000000,5.000000000000000,3005.000000000000000
108.000000000000000,0.200000000000000,0.000003818450000,0.000000000000000,-24.036000000000001,0.000368120000000,0.000000000000000,-177.138000000000005,0.000003486890000,-0.000001560900000,-0.000367763000000,-0.000018418000000,5.000000000000000,3005.000000000000000
108.000000000000000,0.200000000000000,0.000004589590000,0.000000000000000,-20.225999999999999,0.000424685000000,0.000000000000000,-177.533999999999992,0.000004306460000,-0.000001586980000,-0.000424327000000,-0.000018298700000,5.000000000000000,3005.000000000000000
108.000000000000000,0.200000000000000,0.000005342100000,0.000000000000000,-17.430000000000000,0.000446619000000,0.000000000000000,-177.641999999999996,0.000005096230000,-0.000001601880000,-0.000446321000000,-0.000018418000000,5.000000000000000,3005.000000000000000
117.000000000000000,0.200000000000000,0.000005736980000,0.000000000000000,-15.288000000000000,0.000481429000000,0.000000000000000,-177.828000000000003,0.000005535810000,-0.000001516200000,-0.000481190000000,-0.000018239100000,5.000000000000000,3005.000000000000000
117.000000000000000,0.200000000000000,0.000005673650000,0.000000000000000,-15.744000000000000,0.000525776000000,0.000000000000000,-178.014000000000010,0.000005461300000,-0.000001542280000,-0.000525538000000,-0.000018239100000,5.000000000000000,3005.000000000000000
117.000000000000000,0.200000000000000,0.000005647570000,0.000000000000000,-15.641999999999999,0.000543121000000,0.000000000000000,-178.074000000000012,0.000005438950000,-0.000001523650000,-0.000542883000000,-0.000018298700000,5.000000000000000,3005.000000000000000
126.000000000000000,0.200000000000000,0.000005476210000,0.000000000000000,-16.038000000000000,0.000563744000000,0.000000000000000,-178.133999999999986,0.000005260140000,-0.000001516200000,-0.000563506000000,-0.000018418000000,5.000000000000000,3005.000000000000000
126.000000000000000,0.200000000000000,0.000004433120000,0.000000000000000,-20.952000000000002,0.000588182000000,0.000000000000000,-178.229999999999990,0.000004142550000,-0.000001586980000,-0.000587944000000,-0.000018179500000,5.000000000000000,3005.000000000000000
126.000000000000000,0.200000000000000,0.000003188860000,0.000000000000000,-29.885999999999999,0.000597421000000,0.000000000000000,-178.259999999999991,0.000002764180000,-0.000001590710000,-0.000597242000000,-0.000018179500000,5.000000000000000,3005.000000000000000
135.000000000000000,0.200000000000000,0.000002384200000,0.000000000000000,-40.637999999999998,0.000600699000000,0.000000000000000,-178.265999999999991,0.000001806770000,-0.000001553450000,-0.000600521000000,-0.000018179500000,5.000000000000000,3005.000000000000000
135.000000000000000,0.200000000000000,0.000001627960000,0.000000000000000,-101.081999999999994,0.000600163000000,0.000000000000000,-178.271999999999991,-0.000000316651000,-0.000001601880000,-0.000599984000000,-0.000018179500000,5.000000000000000,3005.000000000000000
135.000000000000000,0.200000000000000,0.000003449630000,0.000000000000000,-152.045999999999992,0.000599626000000,0.000000000000000,-178.265999999999991,-0.000003047300000,-0.000001616780000,-0.000599388000000,-0.000018179500000,5.000000000000000,3005.000000000000000
144.000000000000000,0.200000000000000,0.000004872710000,0.000000000000000,-162.479999999999990,0.000583831000000,0.000000000000000,-178.223999999999989,-0.000004649190000,-0.000001467770000,-0.000583652000000,-0.000018119900000,5.000000000000000,3005.000000000000000
144.000000000000000,0.200000000000000,0.000007670430000,0.000000000000000,-168.569999999999993,0.000557665000000,0.000000000000000,-178.133999999999986,-0.000007521390000,-0.000001523650000,-0.000557426000000,-0.000018179500000,5.000000000000000,3005.000000000000000
144.000000000000000,0.200000000000000,0.000011034400000,0.000000000000000,-172.050000000000011,0.000547055000000,0.000000000000000,-178.092000000000013,-0.000010930100000,-0.000001527380000,-0.000546817000000,-0.000018239100000,5.000000000000000,3005.000000000000000
153.000000000000000,0.200000000000000,0.000013075800000,0.000000000000000,-173.837999999999994,0.000514630000000,0.000000000000000,-177.948000000000007,-0.000013005000000,-0.000001404440000,-0.000514332000000,-0.000018477600000,5.000000000000000,3005.000000000000000
153.000000000000000,0.200000000000000,0.000015959300000,0.000000000000000,-175.217999999999989,0.000466587000000,0.000000000000000,-177.725999999999999,-0.000015907100000,-0.000001333660000,-0.000466289000000,-0.000018537200000,5.000000000000000,3005.000000000000000
153.000000000000000,0.200000000000000,0.000019259900000,0.000000000000000,-175.860000000000013,0.000447573000000,0.000000000000000,-177.641999999999996,-0.000019215200000,-0.000001393270000,-0.000447275000000,-0.000018477600000,5.000000000000000,3005.000000000000000
162.000000000000000,0.200000000000000,0.000021349800000,0.000000000000000,-176.123999999999995,0.000403108000000,0.000000000000000,-177.354000000000013,-0.000021305100000,-0.000001445420000,-0.000402750000000,-0.000018656400000,5.000000000000000,3005.000000000000000
162.000000000000000,0.200000000000000,0.000022959100000,0.000000000000000,-176.436000000000007,0.000340940000000,0.000000000000000,-176.861999999999995,-0.000022921800000,-0.000001426790000,-0.000340523000000,-0.000018716000000,5.000000000000000,3005.000000000000000
162.000000000000000,0.200000000000000,0.000024750900000,0.000000000000000,-176.933999999999997,0.000316741000000,0.000000000000000,-176.622000000000014,-0.000024717400000,-0.000001326210000,-0.000316205000000,-0.000018716000000,5.000000000000000,3005.000000000000000
171.000000000000000,0.200000000000000,0.000025771700000,0.000000000000000,-177.210000000000008,0.000267090000000,0.000000000000000,-176.015999999999991,-0.000025745600000,-0.000001255430000,-0.000266494000000,-0.000018596800000,5.000000000000000,3005.000000000000000
171.000000000000000,0.200000000000000,0.000025920700000,0.000000000000000,-177.198000000000007,0.000200213000000,0.000000000000000,-174.611999999999995,-0.000025894600000,-0.000001270330000,-0.000199378000000,-0.000018835200000,5.000000000000000,3005.000000000000000
171.000000000000000,0.200000000000000,0.000025995200000,0.000000000000000,-177.419999999999987,0.000173987000000,0.000000000000000,-173.783999999999992,-0.000025969100000,-0.000001173470000,-0.000172974000000,-0.000018835200000,5.000000000000000,3005.000000000000000
180.000000000000000,0.200000000000000,0.000025965400000,0.000000000000000,-177.581999999999993,0.000126840000000,0.000000000000000,-171.413999999999987,-0.000025943000000,-0.000001098970000,-0.000125469000000,-0.000018954400000,5.000000000000000,3005.000000000000000
180.000000000000000,0.200000000000000,0.000024944700000,0.000000000000000,-178.080000000000012,0.000065207900000,0.000000000000000,-163.163999999999987,-0.000024933500000,-0.000000838194000,-0.000062466100000,-0.000018954400000,5.000000000000000,3005.000000000000000
180.000000000000000,0.200000000000000,0.000023748800000,0.000000000000000,-178.872000000000014,0.000042438700000,0.000000000000000,-153.515999999999991,-0.000023748800000,-0.000000469388000,-0.000038087600000,-0.000018954400000,5.000000000000000,3005.000000000000000
189.000000000000000,0.200000000000000,0.000023029900000,0.000000000000000,-178.985999999999990,0.000019312000000,0.000000000000000,-79.463999999999999,-0.000023029900000,-0.000000409784000,0.000003516690000,-0.000019014000000,5.000000000000000,3005.000000000000000
189.000000000000000,0.200000000000000,0.000021409400000,0.000000000000000,-177.876000000000005,0.000060379700000,0.000000000000000,-18.402000000000001,-0.000021401900000,-0.000000793490000,0.000057280300000,-0.000019073600000,5.000000000000000,3005.000000000000000
189.000000000000000,0.200000000000000,0.000019382800000,0.000000000000000,-176.171999999999997,0.000080526300000,0.000000000000000,-13.692000000000000,-0.000019345500000,-0.000001296410000,0.000078261400000,-0.000019073600000,5.000000000000000,3005.000000000000000
198.000000000000000,0.200000000000000,0.000018216800000,0.000000000000000,-175.151999999999987,0.000112296000000,0.000000000000000,-9.702000000000000,-0.000018153500000,-0.000001542280000,0.000110686000000,-0.000018954400000,5.000000000000000,3005.000000000000000
198.000000000000000,0.200000000000000,0.000016167900000,0.000000000000000,-175.008000000000010,0.000153185000000,0.000000000000000,-7.098000000000000,-0.000016112000000,-0.000001408170000,0.000151993000000,-0.000018954400000,5.000000000000000,3005.000000000000000
198.000000000000000,0.200000000000000,0.000013757600000,0.000000000000000,-174.719999999999999,0.000169099000000,0.000000000000000,-6.498000000000000,-0.000013701700000,-0.000001270330000,0.000168026000000,-0.000019133200000,5.000000000000000,3005.000000000000000
207.000000000000000,0.200000000000000,0.000012263700000,0.000000000000000,-174.605999999999994,0.000190915000000,0.000000000000000,-5.790000000000000,-0.000012215300000,-0.000001154850000,0.000189901000000,-0.000019312000000,5.000000000000000,3005.000000000000000
207.000000000000000,0.200000000000000,0.000009968940000,0.000000000000000,-173.358000000000004,0.000217439000000,0.000000000000000,-5.064000000000000,-0.000009905610000,-0.000001154850000,0.000216604000000,-0.000019252400000,5.000000000000000,3005.000000000000000
207.000000000000000,0.200000000000000,0.000007536290000,0.000000000000000,-170.280000000000001,0.000227571000000,0.000000000000000,-4.806000000000000,-0.000007435710000,-0.000001274060000,0.000226797000000,-0.000019073600000,5.000000000000000,3005.000000000000000
216.000000000000000,0.200000000000000,0.000006139310000,0.000000000000000,-167.075999999999993,0.000237943000000,0.000000000000000,-4.620000000000000,-0.000005986570000,-0.000001374640000,0.000237168000000,-0.000019192800000,5.000000000000000,3005.000000000000000
216.000000000000000,0.200000000000000,0.000004287840000,0.000000000000000,-160.620000000000004,0.000249090000000,0.000000000000000,-4.386000000000000,-0.000004049420000,-0.000001426790000,0.000248374000000,-0.000019073600000,5.000000000000000,3005.000000000000000
216.000000000000000,0.200000000000000,0.000002309690000,0.000000000000000,-144.336000000000013,0.000253441000000,0.000000000000000,-4.338000000000000,-0.000001877550000,-0.000001348560000,0.000252666000000,-0.000019192800000,5.000000000000000,3005.000000000000000
225.000000000000000,0.200000000000000,0.000001475220000,0.000000000000000,-116.388000000000005,0.000252904000000,0.000000000000000,-4.398000000000000,-0.000000659380000,-0.000001326210000,0.000252130000000,-0.000019431200000,5.000000000000000,3005.000000000000000
225.000000000000000,0.200000000000000,0.000001482670000,0.000000000000000,-60.960000000000001,0.000249209000000,0.000000000000000,-4.440000000000000,0.000000718985000,-0.000001300130000,0.000248434000000,-0.000019312000000,5.000000000000000,3005.000000000000000
225.000000000000000,0.200000000000000,0.000002618890000,0.000000000000000,-29.826000000000000,0.000247778000000,0.000000000000000,-4.422000000000000,0.000002272440000,-0.000001303860000,0.000247004000000,-0.000019133200000,5.000000000000000,3005.000000000000000
234.000000000000000,0.200000000000000,0.000003382580000,0.000000000000000,-23.460000000000001,0.000236453000000,0.000000000000000,-4.656000000000000,0.000003103180000,-0.000001348560000,0.000235678000000,-0.000019252400000,5.000000000000000,3005.000000000000000
234.000000000000000,0.200000000000000,0.000004362340000,0.000000000000000,-17.327999999999999,0.000218929000000,0.000000000000000,-4.986000000000000,0.000004164900000,-0.000001300130000,0.000218094000000,-0.000019073600000,5.000000000000000,3005.000000000000000
234.000000000000000,0.200000000000000,0.000005435230000,0.000000000000000,-13.398000000000000,0.000212074000000,0.000000000000000,-5.130000000000000,0.000005286220000,-0.000001262880000,0.000211240000000,-0.000019014000000,5.000000000000000,3005.000000000000000
243.000000000000000,0.200000000000000,0.000006154210000,0.000000000000000,-13.176000000000000,0.000190855000000,0.000000000000000,-5.772000000000000,0.000005990300000,-0.000001404440000,0.000189901000000,-0.000019252400000,5.000000000000000,3005.000000000000000
243.000000000000000,0.200000000000000,0.000006638500000,0.000000000000000,-13.086000000000000,0.000159503000000,0.000000000000000,-6.852000000000000,0.000006463410000,-0.000001505020000,0.000158370000000,-0.000019073600000,5.000000000000000,3005.000000000000000
243.000000000000000,0.200000000000000,0.000007133960000,0.000000000000000,-12.954000000000001,0.000147344000000,0.000000000000000,-7.368000000000000,0.000006955150000,-0.000001601880000,0.000146092000000,-0.000018954400000,5.000000000000000,3005.000000000000000
252.000000000000000,0.200000000000000,0.000007327680000,0.000000000000000,-11.646000000000001,0.000117124000000,0.000000000000000,-9.252000000000001,0.000007178660000,-0.000001482670000,0.000115574000000,-0.000018835200000,5.000000000000000,3005.000000000000000
252.000000000000000,0.200000000000000,0.000007156310000,0.000000000000000,-14.100000000000000,0.000075161900000,0.000000000000000,-14.513999999999999,0.000006936520000,-0.000001743440000,0.000072718100000,-0.000018835200000,5.000000000000000,3005.000000000000000
252.000000000000000,0.200000000000000,0.000006981220000,0.000000000000000,-17.873999999999999,0.000059128000000,0.000000000000000,-18.660000000000000,0.000006645950000,-0.000002145780000,0.000056028600000,-0.000018954400000,5.000000000000000,3005.000000000000000
261.000000000000000,0.200000000000000,0.000006720450000,0.000000000000000,-19.818000000000001,0.000026107000000,0.000000000000000,-45.930000000000000,0.000006325570000,-0.000002283620000,0.000018119900000,-0.000018775600000,5.000000000000000,3005.000000000000000
261.000000000000000,0.200000000000000,0.000005740700000,0.000000000000000,-17.495999999999999,0.000039458500000,0.000000000000000,-151.662000000000006,0.000005476210000,-0.000001728540000,-0.000034749700000,-0.000018775600000,5.000000000000000,3005.000000000000000
261.000000000000000,0.200000000000000,0.000004656640000,0.000000000000000,-15.606000000000000,0.000058293600000,0.000000000000000,-161.201999999999998,0.000004485280000,-0.000001255430000,-0.000055253700000,-0.000018835200000,5.000000000000000,3005.000000000000000
270.000000000000000,0.200000000000000,0.000003863160000,0.000000000000000,-15.257999999999999,0.000099957500000,0.000000000000000,-169.199999999999988,0.000003725300000,-0.000001017010000,-0.000098228900000,-0.000018775600000,5.000000000000000,3005.000000000000000
270.000000000000000,0.200000000000000,0.000002656150000,0.000000000000000,-23.898000000000000,0.000158370000000,0.000000000000000,-173.207999999999998,0.000002428900000,-0.000001080340000,-0.000157357000000,-0.000018775600000,5.000000000000000,3005.000000000000000
270.000000000000000,0.200000000000000,0.000001456600000,0.000000000000000,-57.582000000000001,0.000181378000000,0.000000000000000,-174.060000000000002,0.000000782315000,-0.000001236800000,-0.000180484000000,-0.000018775600000,5.000000000000000,3005.000000000000000
279.000000000000000,0.200000000000000,0.000001486400000,0.000000000000000,-102.918000000000006,0.000226975000000,0.000000000000000,-175.331999999999993,-0.000000335278000,-0.000001456600000,-0.000226260000000,-0.000018477600000,5.000000000000000,3005.000000000000000
279.000000000000000,0.200000000000000,0.000002060100000,0.000000000000000,-137.747999999999990,0.000288369000000,0.000000000000000,-176.346000000000003,-0.000001527380000,-0.000001389540000,-0.000287833000000,-0.000018418000000,5.000000000000000,3005.000000000000000
279.000000000000000,0.200000000000000,0.000003244740000,0.000000000000000,-153.485999999999990,0.000312271000000,0.000000000000000,-176.610000000000013,-0.000002909470000,-0.000001452870000,-0.000311794000000,-0.000018477600000,5.000000000000000,3005.000000000000000
288.000000000000000,0.200000000000000,0.000004176080000,0.000000000000000,-159.108000000000004,0.000354888000000,0.000000000000000,-177.048000000000002,-0.000003904130000,-0.000001490120000,-0.000354530000000,-0.000018358300000,5.000000000000000,3005.000000000000000
288.000000000000000,0.200000000000000,0.000005073870000,0.000000000000000,-164.075999999999993,0.000411035000000,0.000000000000000,-177.437999999999988,-0.000004883880000,-0.000001396990000,-0.000410678000000,-0.000018418000000,5.000000000000000,3005.000000000000000
288.000000000000000,0.200000000000000,0.000006135580000,0.000000000000000,-166.776000000000010,0.000432910000000,0.000000000000000,-177.575999999999993,-0.000005975390000,-0.000001404440000,-0.000432553000000,-0.000018358300000,5.000000000000000,3005.000000000000000
297.000000000000000,0.200000000000000,0.000006742800000,0.000000000000000,-166.830000000000012,0.000468614000000,0.000000000000000,-177.762000000000000,-0.000006567720000,-0.000001538550000,-0.000468316000000,-0.000018418000000,5.000000000000000,3005.000000000000000
297.000000000000000,0.200000000000000,0.000006828490000,0.000000000000000,-165.936000000000007,0.000514034000000,0.000000000000000,-177.960000000000008,-0.000006627320000,-0.000001661490000,-0.000513796000000,-0.000018358300000,5.000000000000000,3005.000000000000000
297.000000000000000,0.200000000000000,0.000006966320000,0.000000000000000,-166.746000000000009,0.000531796000000,0.000000000000000,-178.026000000000010,-0.000006780060000,-0.000001598160000,-0.000531558000000,-0.000018358300000,5.000000000000000,3005.000000000000000
306.000000000000000,0.200000000000000,0.000007096710000,0.000000000000000,-167.195999999999998,0.000554565000000,0.000000000000000,-178.116000000000014,-0.000006925340000,-0.000001575810000,-0.000554327000000,-0.000018239100000,5.000000000000000,3005.000000000000000
306.000000000000000,0.200000000000000,0.000006075980000,0.000000000000000,-165.126000000000005,0.000581566000000,0.000000000000000,-178.193999999999988,-0.000005874810000,-0.000001560900000,-0.000581328000000,-0.000018358300000,5.000000000000000,3005.000000000000000
306.000000000000000,0.200000000000000,0.000004928590000,0.000000000000000,-161.183999999999997,0.000591878000000,0.000000000000000,-178.217999999999989,-0.000004667820000,-0.000001590710000,-0.000591639000000,-0.000018477600000,5.000000000000000,3005.000000000000000
315.000000000000000,0.200000000000000,0.000004179800000,0.000000000000000,-158.532000000000011,0.000597958000000,0.000000000000000,-178.247999999999990,-0.000003892960000,-0.000001531100000,-0.000597719000000,-0.000018358300000,5.000000000000000,3005.000000000000000
315.000000000000000,0.200000000000000,0.000002224010000,0.000000000000000,-139.367999999999995,0.000601355000000,0.000000000000000,-178.247999999999990,-0.000001691290000,-0.000001452870000,-0.000601117000000,-0.000018418000000,5.000000000000000,3005.000000000000000
315.000000000000000,0.200000000000000,0.000001885000000,0.000000000000000,-54.990000000000002,0.000602547000000,0.000000000000000,-178.259999999999991,0.000001080340000,-0.000001549730000,-0.000602309000000,-0.000018358300000,5.000000000000000,3005.000000000000000
324.000000000000000,0.200000000000000,0.000003229840000,0.000000000000000,-30.611999999999998,0.000589494000000,0.000000000000000,-178.241999999999990,0.000002782810000,-0.000001650310000,-0.000589255000000,-0.000018119900000,5.000000000000000,3005.000000000000000
324.000000000000000,0.200000000000000,0.000005930690000,0.000000000000000,-16.248000000000001,0.000567559000000,0.000000000000000,-178.163999999999987,0.000005696000000,-0.000001661490000,-0.000567321000000,-0.000018179500000,5.000000000000000,3005.000000000000000
324.000000000000000,0.200000000000000,0.000009305830000,0.000000000000000,-10.632000000000000,0.000558857000000,0.000000000000000,-178.127999999999986,0.000009145650000,-0.000001717370000,-0.000558618000000,-0.000018298700000,5.000000000000000,3005.000000000000000
333.000000000000000,0.200000000000000,0.000011392000000,0.000000000000000,-8.532000000000000,0.000528578000000,0.000000000000000,-178.026000000000010,0.000011265300000,-0.000001691290000,-0.000528339000000,-0.000018239100000,5.000000000000000,3005.000000000000000
333.000000000000000,0.200000000000000,0.000013999700000,0.000000000000000,-7.014000000000000,0.000483753000000,0.000000000000000,-177.828000000000003,0.000013899100000,-0.000001713640000,-0.000483455000000,-0.000018358300000,5.000000000000000,3005.000000000000000
333.000000000000000,0.200000000000000,0.000017102900000,0.000000000000000,-5.616000000000000,0.000466170000000,0.000000000000000,-177.731999999999999,0.000017021000000,-0.000001676390000,-0.000465872000000,-0.000018477600000,5.000000000000000,3005.000000000000000
342.000000000000000,0.200000000000000,0.000019110900000,0.000000000000000,-4.650000000000000,0.000423612000000,0.000000000000000,-177.491999999999990,0.000019047500000,-0.000001553450000,-0.000423254000000,-0.000018537200000,5.000000000000000,3005.000000000000000
342.000000000000000,0.200000000000000,0.000021111300000,0.000000000000000,-4.248000000000000,0.000363471000000,0.000000000000000,-177.072000000000003,0.000021055500000,-0.000001564630000,-0.000363054000000,-0.000018596800000,5.000000000000000,3005.000000000000000
342.000000000000000,0.200000000000000,0.000023398700000,0.000000000000000,-4.128000000000000,0.000339987000000,0.000000000000000,-176.885999999999996,0.000023339100000,-0.000001683840000,-0.000339570000000,-0.000018477600000,5.000000000000000,3005.000000000000000
351.000000000000000,0.200000000000000,0.000024620600000,0.000000000000000,-3.678000000000000,0.000290634000000,0.000000000000000,-176.352000000000004,0.000024572100000,-0.000001583260000,-0.000290098000000,-0.000018537200000,5.000000000000000,3005.000000000000000
351.000000000000000,0.200000000000000,0.000025589100000,0.000000000000000,-3.504000000000000,0.000223399000000,0.000000000000000,-175.235999999999990,0.000025544400000,-0.000001564630000,-0.000222684000000,-0.000018596800000,5.000000000000000,3005.000000000000000
351.000000000000000,0.200000000000000,0.000026628500000,0.000000000000000,-3.444000000000000,0.000196994000000,0.000000000000000,-174.533999999999992,0.000026580100000,-0.000001601880000,-0.000196160000000,-0.000018775600000,5.000000000000000,3005.000000000000000
360.000000000000000,0.200000000000000,0.000027094200000,0.000000000000000,-3.294000000000000,0.000149072000000,0.000000000000000,-172.680000000000007,0.000027049400000,-0.000001557180000,-0.000147940000000,-0.000019014000000,5.000000000000000,3005.000000000000000
360.000000000000000,0.200000000000000,0.000026818500000,0.000000000000000,-2.976000000000000,0.000085890800000,0.000000000000000,-167.177999999999997,0.000026781200000,-0.000001396990000,-0.000083804600000,-0.000019073600000,5.000000000000000,3005.000000000000000
360.000000000000000,0.200000000000000,0.000026319300000,0.000000000000000,-2.562000000000000,0.000061810500000,0.000000000000000,-162.198000000000007,0.000026293200000,-0.000001177200000,-0.000058889600000,-0.000018954400000,5.000000000000000,3005.000000000000000
0.000000000000000,0.300000000000000,0.000014439300000,0.000000000000000,-9.162000000000001,0.000060618200000,0.000000000000000,-18.257999999999999,0.000014256700000,-0.000002302240000,0.000057578300000,-0.000019014000000,5.000000000000000,3005.000000000000000
0.000000000000000,0.300000000000000,0.000014476500000,0.000000000000000,-9.125999999999999,0.000060558600000,0.000000000000000,-18.312000000000001,0.000014294000000,-0.000002298520000,0.000057459100000,-0.000019073600000,5.000000000000000,3005.000000000000000
0.000000000000000,0.300000000000000,0.000014457900000,0.000000000000000,-9.366000000000000,0.000060498900000,0.000000000000000,-18.294000000000000,0.000014264200000,-0.000002354400000,0.000057459100000,-0.000019014000000,5.000000000000000,3005.000000000000000
9.000000000000000,0.300000000000000,0.000014480300000,0.000000000000000,-9.738000000000000,0.000088155700000,0.000000000000000,-12.336000000000000,0.000014271600000,-0.000002451260000,0.000086069600000,-0.000018835200000,5.000000000000000,3005.000000000000000
9.000000000000000,0.300000000000000,0.000013332900000,0.000000000000000,-9.276000000000000,0.000132740000000,0.000000000000000,-8.135999999999999,0.000013161500000,-0.000002153230000,0.000131429000000,-0.000018835200000,5.000000000000000,3005.000000000000000
9.000000000000000,0.300000000000000,0.000011701200000,0.000000000000000,-8.718000000000000,0.000150145000000,0.000000000000000,-7.206000000000000,0.000011563400000,-0.000001776970000,0.000148953000000,-0.000018835200000,5.000000000000000,3005.000000000000000
18.000000000000000,0.300000000000000,0.000010516600000,0.000000000000000,-8.417999999999999,0.000175596000000,0.000000000000000,-6.276000000000000,0.000010404800000,-0.000001542280000,0.000174523000000,-0.000019252400000,5.000000000000000,3005.000000000000000
18.000000000000000,0.300000000000000,0.000009324460000,0.000000000000000,-9.252000000000001,0.000206829000000,0.000000000000000,-5.310000000000000,0.000009205250000,-0.000001501300000,0.000205935000000,-0.000019133200000,5.000000000000000,3005.000000000000000
18.000000000000000,0.300000000000000,0.000007867870000,0.000000000000000,-10.962000000000000,0.000218929000000,0.000000000000000,-4.950000000000000,0.000007726310000,-0.000001497570000,0.000218094000000,-0.000018954400000,5.000000000000000,3005.000000000000000
27.000000000000000,0.300000000000000,0.000006891820000,0.000000000000000,-12.000000000000000,0.000232280000000,0.000000000000000,-4.722000000000000,0.000006742800000,-0.000001434240000,0.000231505000000,-0.000019133200000,5.000000000000000,3005.000000000000000
27.000000000000000,0.300000000000000,0.000005699720000,0.000000000000000,-13.481999999999999,0.000246825000000,0.000000000000000,-4.452000000000000,0.000005543260000,-0.000001333660000,0.000246109000000,-0.000019192800000,5.000000000000000,3005.000000000000000
27.000000000000000,0.300000000000000,0.000004209610000,0.000000000000000,-18.222000000000001,0.000252785000000,0.000000000000000,-4.368000000000000,0.000003997270000,-0.000001318760000,0.000252010000000,-0.000019312000000,5.000000000000000,3005.000000000000000
36.000000000000000,0.300000000000000,0.000003289450000,0.000000000000000,-24.149999999999999,0.000253798000000,0.000000000000000,-4.368000000000000,0.000003002600000,-0.000001348560000,0.000253083000000,-0.000019371600000,5.000000000000000,3005.000000000000000
36.000000000000000,0.300000000000000,0.000002436350000,0.000000000000000,-34.188000000000002,0.000252249000000,0.000000000000000,-4.386000000000000,0.000002015400000,-0.000001370910000,0.000251533000000,-0.000019312000000,5.000000000000000,3005.000000000000000
36.000000000000000,0.300000000000000,0.000001598160000,0.000000000000000,-59.694000000000003,0.000251414000000,0.000000000000000,-4.374000000000000,0.000000804666000,-0.000001382090000,0.000250699000000,-0.000019192800000,5.000000000000000,3005.000000000000000
45.000000000000000,0.300000000000000,0.000001236800000,0.000000000000000,-94.007999999999995,0.000240446000000,0.000000000000000,-4.596000000000000,-0.000000089407400,-0.000001236800000,0.000239671000000,-0.000019312000000,5.000000000000000,3005.000000000000000
45.000000000000000,0.300000000000000,0.000001423070000,0.000000000000000,-121.194000000000002,0.000222445000000,0.000000000000000,-4.950000000000000,-0.000000737611000,-0.000001218180000,0.000221611000000,-0.000019252400000,5.000000000000000,3005.000000000000000
45.000000000000000,0.300000000000000,0.000001918540000,0.000000000000000,-140.063999999999993,0.000215472000000,0.000000000000000,-5.100000000000000,-0.000001475220000,-0.000001236800000,0.000214637000000,-0.000019192800000,5.000000000000000,3005.000000000000000
54.000000000000000,0.300000000000000,0.000002175580000,0.000000000000000,-148.602000000000004,0.000192703000000,0.000000000000000,-5.658000000000000,-0.000001858930000,-0.000001136220000,0.000191749000000,-0.000019014000000,5.000000000000000,3005.000000000000000
54.000000000000000,0.300000000000000,0.000002328320000,0.000000000000000,-147.264000000000010,0.000159265000000,0.000000000000000,-6.840000000000000,-0.000001963240000,-0.000001262880000,0.000158132000000,-0.000019014000000,5.000000000000000,3005.000000000000000
54.000000000000000,0.300000000000000,0.000002533210000,0.000000000000000,-147.774000000000001,0.000146271000000,0.000000000000000,-7.434000000000000,-0.000002149510000,-0.000001356010000,0.000145079000000,-0.000018954400000,5.000000000000000,3005.000000000000000
63.000000000000000,0.300000000000000,0.000002753000000,0.000000000000000,-147.138000000000005,0.000113845000000,0.000000000000000,-9.570000000000000,-0.000002317150000,-0.000001497570000,0.000112236000000,-0.000018954400000,5.000000000000000,3005.000000000000000
63.000000000000000,0.300000000000000,0.000002872210000,0.000000000000000,-140.550000000000011,0.000068724600000,0.000000000000000,-15.894000000000000,-0.000002220290000,-0.000001829120000,0.000066102000000,-0.000018835200000,5.000000000000000,3005.000000000000000
63.000000000000000,0.300000000000000,0.000003051030000,0.000000000000000,-133.895999999999986,0.000051677500000,0.000000000000000,-21.600000000000001,-0.000002119700000,-0.000002201660000,0.000048041600000,-0.000019073600000,5.000000000000000,3005.000000000000000
72.000000000000000,0.300000000000000,0.000003006320000,0.000000000000000,-130.644000000000005,0.000020146500000,0.000000000000000,-70.218000000000003,-0.000001963240000,-0.000002283620000,0.000006794960000,-0.000019014000000,5.000000000000000,3005.000000000000000
72.000000000000000,0.300000000000000,0.000002469880000,0.000000000000000,-131.502000000000009,0.000053584800000,0.000000000000000,-159.449999999999988,-0.000001639140000,-0.000001851480000,-0.000050246900000,-0.000018835200000,5.000000000000000,3005.000000000000000
72.000000000000000,0.300000000000000,0.000001847750000,0.000000000000000,-133.319999999999993,0.000074804300000,0.000000000000000,-165.395999999999986,-0.000001270330000,-0.000001348560000,-0.000072420100000,-0.000018894800000,5.000000000000000,3005.000000000000000
81.000000000000000,0.300000000000000,0.000001370910000,0.000000000000000,-131.855999999999994,0.000119210000000,0.000000000000000,-170.981999999999999,-0.000000920150000,-0.000001024460000,-0.000117839000000,-0.000018716000000,5.000000000000000,3005.000000000000000
81.000000000000000,0.300000000000000,0.000001203280000,0.000000000000000,-109.037999999999997,0.000181020000000,0.000000000000000,-174.072000000000003,-0.000000394883000,-0.000001143670000,-0.000180067000000,-0.000018716000000,5.000000000000000,3005.000000000000000
81.000000000000000,0.300000000000000,0.000001247980000,0.000000000000000,-81.719999999999999,0.000204981000000,0.000000000000000,-174.786000000000001,0.000000178815000,-0.000001236800000,-0.000204206000000,-0.000018656400000,5.000000000000000,3005.000000000000000
90.000000000000000,0.300000000000000,0.000001531100000,0.000000000000000,-74.754000000000005,0.000251772000000,0.000000000000000,-175.746000000000009,0.000000402333000,-0.000001482670000,-0.000251176000000,-0.000018716000000,5.000000000000000,3005.000000000000000
90.000000000000000,0.300000000000000,0.000001821670000,0.000000000000000,-60.527999999999999,0.000314595000000,0.000000000000000,-176.616000000000014,0.000000894073000,-0.000001586980000,-0.000314118000000,-0.000018596800000,5.000000000000000,3005.000000000000000
90.000000000000000,0.300000000000000,0.000002231460000,0.000000000000000,-43.607999999999997,0.000339331000000,0.000000000000000,-176.879999999999995,0.000001613060000,-0.000001542280000,-0.000338914000000,-0.000018477600000,5.000000000000000,3005.000000000000000
99.000000000000000,0.300000000000000,0.000002622620000,0.000000000000000,-36.317999999999998,0.000381352000000,0.000000000000000,-177.228000000000008,0.000002112250000,-0.000001553450000,-0.000380995000000,-0.000018477600000,5.000000000000000,3005.000000000000000
99.000000000000000,0.300000000000000,0.000002875940000,0.000000000000000,-34.097999999999999,0.000436487000000,0.000000000000000,-177.599999999999994,0.000002380480000,-0.000001616780000,-0.000436189000000,-0.000018358300000,5.000000000000000,3005.000000000000000
99.000000000000000,0.300000000000000,0.000003248470000,0.000000000000000,-29.616000000000000,0.000458004000000,0.000000000000000,-177.713999999999998,0.000002823780000,-0.000001609330000,-0.000457706000000,-0.000018298700000,5.000000000000000,3005.000000000000000
108.000000000000000,0.300000000000000,0.000003524140000,0.000000000000000,-26.736000000000001,0.000491384000000,0.000000000000000,-177.852000000000004,0.000003147880000,-0.000001586980000,-0.000491086000000,-0.000018477600000,5.000000000000000,3005.000000000000000
108.000000000000000,0.300000000000000,0.000003419830000,0.000000000000000,-26.916000000000000,0.000533644000000,0.000000000000000,-178.032000000000011,0.000003051030000,-0.000001553450000,-0.000533406000000,-0.000018358300000,5.000000000000000,3005.000000000000000
108.000000000000000,0.300000000000000,0.000003173960000,0.000000000000000,-28.847999999999999,0.000550095000000,0.000000000000000,-178.098000000000013,0.000002782810000,-0.000001534830000,-0.000549857000000,-0.000018298700000,5.000000000000000,3005.000000000000000
117.000000000000000,0.300000000000000,0.000002946720000,0.000000000000000,-32.021999999999998,0.000569288000000,0.000000000000000,-178.169999999999987,0.000002499680000,-0.000001564630000,-0.000569049000000,-0.000018239100000,5.000000000000000,3005.000000000000000
117.000000000000000,0.300000000000000,0.000002376750000,0.000000000000000,-42.786000000000001,0.000591341000000,0.000000000000000,-178.229999999999990,0.000001743440000,-0.000001616780000,-0.000591163000000,-0.000018298700000,5.000000000000000,3005.000000000000000
117.000000000000000,0.300000000000000,0.000001877550000,0.000000000000000,-62.298000000000002,0.000599924000000,0.000000000000000,-178.253999999999990,0.000000871722000,-0.000001665210000,-0.000599686000000,-0.000018298700000,5.000000000000000,3005.000000000000000
126.000000000000000,0.300000000000000,0.000001698740000,0.000000000000000,-79.043999999999997,0.000601951000000,0.000000000000000,-178.265999999999991,0.000000320377000,-0.000001672660000,-0.000601772000000,-0.000018239100000,5.000000000000000,3005.000000000000000
126.000000000000000,0.300000000000000,0.000001866380000,0.000000000000000,-116.105999999999994,0.000600282000000,0.000000000000000,-178.253999999999990,-0.000000827018000,-0.000001680110000,-0.000600044000000,-0.000018358300000,5.000000000000000,3005.000000000000000
126.000000000000000,0.300000000000000,0.000002842410000,0.000000000000000,-144.300000000000011,0.000599626000000,0.000000000000000,-178.253999999999990,-0.000002313420000,-0.000001661490000,-0.000599448000000,-0.000018358300000,5.000000000000000,3005.000000000000000
135.000000000000000,0.300000000000000,0.000003837080000,0.000000000000000,-154.949999999999988,0.000584129000000,0.000000000000000,-178.217999999999989,-0.000003483160000,-0.000001627960000,-0.000583950000000,-0.000018179500000,5.000000000000000,3005.000000000000000
135.000000000000000,0.300000000000000,0.000005316020000,0.000000000000000,-162.894000000000005,0.000558857000000,0.000000000000000,-178.133999999999986,-0.000005081330000,-0.000001564630000,-0.000558618000000,-0.000018239100000,5.000000000000000,3005.000000000000000
135.000000000000000,0.300000000000000,0.000007193560000,0.000000000000000,-167.376000000000005,0.000548903000000,0.000000000000000,-178.086000000000013,-0.000007025930000,-0.000001575810000,-0.000548664000000,-0.000018418000000,5.000000000000000,3005.000000000000000
144.000000000000000,0.300000000000000,0.000008326080000,0.000000000000000,-168.924000000000006,0.000517610000000,0.000000000000000,-177.954000000000008,-0.000008173350000,-0.000001601880000,-0.000517372000000,-0.000018477600000,5.000000000000000,3005.000000000000000
144.000000000000000,0.300000000000000,0.000010028500000,0.000000000000000,-171.168000000000006,0.000471951000000,0.000000000000000,-177.744000000000000,-0.000009913060000,-0.000001542280000,-0.000471653000000,-0.000018656400000,5.000000000000000,3005.000000000000000
144.000000000000000,0.300000000000000,0.000012040200000,0.000000000000000,-173.117999999999995,0.000454308000000,0.000000000000000,-177.671999999999997,-0.000011958200000,-0.000001445420000,-0.000454010000000,-0.000018477600000,5.000000000000000,3005.000000000000000
153.000000000000000,0.300000000000000,0.000013165200000,0.000000000000000,-173.472000000000008,0.000412168000000,0.000000000000000,-177.419999999999987,-0.000013079600000,-0.000001497570000,-0.000411751000000,-0.000018537200000,5.000000000000000,3005.000000000000000
153.000000000000000,0.300000000000000,0.000014249300000,0.000000000000000,-174.240000000000009,0.000352802000000,0.000000000000000,-176.951999999999998,-0.000014182200000,-0.000001430520000,-0.000352385000000,-0.000018775600000,5.000000000000000,3005.000000000000000
153.000000000000000,0.300000000000000,0.000015463800000,0.000000000000000,-174.731999999999999,0.000329675000000,0.000000000000000,-176.753999999999990,-0.000015400500000,-0.000001423070000,-0.000329198000000,-0.000018716000000,5.000000000000000,3005.000000000000000
162.000000000000000,0.300000000000000,0.000016205100000,0.000000000000000,-174.665999999999997,0.000281515000000,0.000000000000000,-176.231999999999999,-0.000016138100000,-0.000001508750000,-0.000280978000000,-0.000018537200000,5.000000000000000,3005.000000000000000
162.000000000000000,0.300000000000000,0.000016264700000,0.000000000000000,-174.707999999999998,0.000216127000000,0.000000000000000,-175.044000000000011,-0.000016197700000,-0.000001501300000,-0.000215412000000,-0.000018716000000,5.000000000000000,3005.000000000000000
162.000000000000000,0.300000000000000,0.000016272200000,0.000000000000000,-175.062000000000012,0.000190617000000,0.000000000000000,-174.372000000000014,-0.000016216300000,-0.000001400720000,-0.000189723000000,-0.000018716000000,5.000000000000000,3005.000000000000000
171.000000000000000,0.300000000000000,0.000016242400000,0.000000000000000,-175.385999999999996,0.000143708000000,0.000000000000000,-172.500000000000000,-0.000016190200000,-0.000001307580000,-0.000142575000000,-0.000018775600000,5.000000000000000,3005.000000000000000
171.000000000000000,0.300000000000000,0.000015657500000,0.000000000000000,-176.544000000000011,0.000081956900000,0.000000000000000,-166.764000000000010,-0.000015631400000,-0.000000946227000,-0.000079811100000,-0.000018775600000,5.000000000000000,3005.000000000000000
171.000000000000000,0.300000000000000,0.000014931000000,0.000000000000000,-177.659999999999996,0.000058174400000,0.000000000000000,-161.256000000000000,-0.000014919800000,-0.000000610951000,-0.000055134500000,-0.000018716000000,5.000000000000000,3005.000000000000000
180.000000000000000,0.300000000000000,0.000014331200000,0.000000000000000,-177.455999999999989,0.000022411500000,0.000000000000000,-123.924000000000006,-0.000014320100000,-0.000000637028000,-0.000012576600000,-0.000018656400000,5.000000000000000,3005.000000000000000
180.000000000000000,0.300000000000000,0.000013616000000,0.000000000000000,-175.830000000000012,0.000046849500000,0.000000000000000,-23.687999999999999,-0.000013586200000,-0.000000990934000,0.000042915600000,-0.000018835200000,5.000000000000000,3005.000000000000000
180.000000000000000,0.300000000000000,0.000012509600000,0.000000000000000,-172.931999999999988,0.000067234500000,0.000000000000000,-16.289999999999999,-0.000012416500000,-0.000001542280000,0.000064552300000,-0.000018894800000,5.000000000000000,3005.000000000000000
189.000000000000000,0.300000000000000,0.000011749600000,0.000000000000000,-170.945999999999998,0.000100494000000,0.000000000000000,-10.800000000000001,-0.000011608100000,-0.000001851480000,0.000098705800000,-0.000018835200000,5.000000000000000,3005.000000000000000
189.000000000000000,0.300000000000000,0.000010553800000,0.000000000000000,-170.454000000000008,0.000143589000000,0.000000000000000,-7.602000000000000,-0.000010412200000,-0.000001750890000,0.000142337000000,-0.000019014000000,5.000000000000000,3005.000000000000000
189.000000000000000,0.300000000000000,0.000009182900000,0.000000000000000,-170.412000000000006,0.000160516000000,0.000000000000000,-6.834000000000000,-0.000009059960000,-0.000001531100000,0.000159384000000,-0.000019133200000,5.000000000000000,3005.000000000000000
198.000000000000000,0.300000000000000,0.000008314910000,0.000000000000000,-171.587999999999994,0.000183643000000,0.000000000000000,-6.036000000000000,-0.000008229220000,-0.000001218180000,0.000182570000000,-0.000019312000000,5.000000000000000,3005.000000000000000
198.000000000000000,0.300000000000000,0.000006817310000,0.000000000000000,-169.668000000000006,0.000212551000000,0.000000000000000,-5.202000000000000,-0.000006713000000,-0.000001225630000,0.000211657000000,-0.000019312000000,5.000000000000000,3005.000000000000000
198.000000000000000,0.300000000000000,0.000005129750000,0.000000000000000,-165.294000000000011,0.000223816000000,0.000000000000000,-4.914000000000000,-0.000004969570000,-0.000001303860000,0.000222982000000,-0.000019192800000,5.000000000000000,3005.000000000000000
207.000000000000000,0.300000000000000,0.000004187260000,0.000000000000000,-161.639999999999986,0.000236035000000,0.000000000000000,-4.650000000000000,-0.000003978640000,-0.000001322490000,0.000235260000000,-0.000019133200000,5.000000000000000,3005.000000000000000
207.000000000000000,0.300000000000000,0.000002957900000,0.000000000000000,-154.794000000000011,0.000249030000000,0.000000000000000,-4.422000000000000,-0.000002678500000,-0.000001262880000,0.000248315000000,-0.000019252400000,5.000000000000000,3005.000000000000000
207.000000000000000,0.300000000000000,0.000001776970000,0.000000000000000,-132.876000000000005,0.000254037000000,0.000000000000000,-4.314000000000000,-0.000001210730000,-0.000001303860000,0.000253322000000,-0.000019133200000,5.000000000000000,3005.000000000000000
216.000000000000000,0.300000000000000,0.000001393270000,0.000000000000000,-103.373999999999995,0.000254096000000,0.000000000000000,-4.368000000000000,-0.000000324102000,-0.000001363460000,0.000253381000000,-0.000019371600000,5.000000000000000,3005.000000000000000
216.000000000000000,0.300000000000000,0.000001538550000,0.000000000000000,-67.319999999999993,0.000251355000000,0.000000000000000,-4.386000000000000,0.000000592325000,-0.000001423070000,0.000250639000000,-0.000019252400000,5.000000000000000,3005.000000000000000
216.000000000000000,0.300000000000000,0.000002115980000,0.000000000000000,-40.338000000000001,0.000250103000000,0.000000000000000,-4.392000000000000,0.000001613060000,-0.000001370910000,0.000249328000000,-0.000019192800000,5.000000000000000,3005.000000000000000
225.000000000000000,0.300000000000000,0.000002592820000,0.000000000000000,-28.739999999999998,0.000238896000000,0.000000000000000,-4.650000000000000,0.000002272440000,-0.000001247980000,0.000238121000000,-0.000019371600000,5.000000000000000,3005.000000000000000
225.000000000000000,0.300000000000000,0.000003237290000,0.000000000000000,-24.245999999999999,0.000220419000000,0.000000000000000,-4.986000000000000,0.000002950440000,-0.000001333660000,0.000219584000000,-0.000019192800000,5.000000000000000,3005.000000000000000
225.000000000000000,0.300000000000000,0.000003926490000,0.000000000000000,-20.399999999999999,0.000213266000000,0.000000000000000,-5.094000000000000,0.000003680600000,-0.000001370910000,0.000212432000000,-0.000018954400000,5.000000000000000,3005.000000000000000
234.000000000000000,0.300000000000000,0.000004351170000,0.000000000000000,-19.032000000000000,0.000191272000000,0.000000000000000,-5.730000000000000,0.000004116470000,-0.000001423070000,0.000190319000000,-0.000019133200000,5.000000000000000,3005.000000000000000
234.000000000000000,0.300000000000000,0.000004611940000,0.000000000000000,-16.457999999999998,0.000158490000000,0.000000000000000,-6.894000000000000,0.000004421950000,-0.000001307580000,0.000157357000000,-0.000019073600000,5.000000000000000,3005.000000000000000
234.000000000000000,0.300000000000000,0.000004850360000,0.000000000000000,-15.210000000000001,0.000145675000000,0.000000000000000,-7.536000000000000,0.000004682720000,-0.000001274060000,0.000144423000000,-0.000019133200000,5.000000000000000,3005.000000000000000
243.000000000000000,0.300000000000000,0.000005092500000,0.000000000000000,-17.484000000000002,0.000114382000000,0.000000000000000,-9.510000000000000,0.000004854080000,-0.000001531100000,0.000112772000000,-0.000018954400000,5.000000000000000,3005.000000000000000
243.000000000000000,0.300000000000000,0.000005044070000,0.000000000000000,-20.004000000000001,0.000070333900000,0.000000000000000,-15.612000000000000,0.000004742320000,-0.000001728540000,0.000067711300000,-0.000018954400000,5.000000000000000,3005.000000000000000
243.000000000000000,0.300000000000000,0.000004936040000,0.000000000000000,-24.366000000000000,0.000053584800000,0.000000000000000,-20.742000000000001,0.000004496450000,-0.000002037750000,0.000050127700000,-0.000019014000000,5.000000000000000,3005.000000000000000
252.000000000000000,0.300000000000000,0.000004667820000,0.000000000000000,-28.757999999999999,0.000021577000000,0.000000000000000,-61.218000000000003,0.000004090400000,-0.000002250090000,0.000010371300000,-0.000018954400000,5.000000000000000,3005.000000000000000
252.000000000000000,0.300000000000000,0.000003892960000,0.000000000000000,-28.164000000000001,0.000048458800000,0.000000000000000,-157.223999999999989,0.000003434730000,-0.000001840300000,-0.000044703700000,-0.000018775600000,5.000000000000000,3005.000000000000000
252.000000000000000,0.300000000000000,0.000002991420000,0.000000000000000,-26.250000000000000,0.000068784200000,0.000000000000000,-164.286000000000001,0.000002682220000,-0.000001326210000,-0.000066280800000,-0.000018656400000,5.000000000000000,3005.000000000000000
261.000000000000000,0.300000000000000,0.000002563010000,0.000000000000000,-23.501999999999999,0.000112474000000,0.000000000000000,-170.448000000000007,0.000002350670000,-0.000001024460000,-0.000110984000000,-0.000018716000000,5.000000000000000,3005.000000000000000
261.000000000000000,0.300000000000000,0.000001899910000,0.000000000000000,-39.173999999999999,0.000172497000000,0.000000000000000,-173.813999999999993,0.000001475220000,-0.000001207000000,-0.000171543000000,-0.000018656400000,5.000000000000000,3005.000000000000000
261.000000000000000,0.300000000000000,0.000001311310000,0.000000000000000,-73.494000000000000,0.000195921000000,0.000000000000000,-174.617999999999995,0.000000372531000,-0.000001262880000,-0.000195087000000,-0.000018418000000,5.000000000000000,3005.000000000000000
270.000000000000000,0.300000000000000,0.000001396990000,0.000000000000000,-107.616000000000000,0.000241698000000,0.000000000000000,-175.584000000000003,-0.000000424685000,-0.000001333660000,-0.000241042000000,-0.000018656400000,5.000000000000000,3005.000000000000000
270.000000000000000,0.300000000000000,0.000001911090000,0.000000000000000,-131.681999999999988,0.000303568000000,0.000000000000000,-176.514000000000010,-0.000001274060000,-0.000001430520000,-0.000303091000000,-0.000018477600000,5.000000000000000,3005.000000000000000
270.000000000000000,0.300000000000000,0.000002771630000,0.000000000000000,-147.972000000000008,0.000327708000000,0.000000000000000,-176.759999999999991,-0.000002350670000,-0.000001471500000,-0.000327231000000,-0.000018537200000,5.000000000000000,3005.000000000000000
279.000000000000000,0.300000000000000,0.000003177690000,0.000000000000000,-152.604000000000013,0.000369670000000,0.000000000000000,-177.150000000000006,-0.000002823780000,-0.000001464050000,-0.000369253000000,-0.000018418000000,5.000000000000000,3005.000000000000000
279.000000000000000,0.300000000000000,0.000003639620000,0.000000000000000,-156.036000000000001,0.000424566000000,0.000000000000000,-177.509999999999991,-0.000003330420000,-0.000001482670000,-0.000424208000000,-0.000018477600000,5.000000000000000,3005.000000000000000
279.000000000000000,0.300000000000000,0.000004153730000,0.000000000000000,-159.282000000000011,0.000445666000000,0.000000000000000,-177.635999999999996,-0.000003889230000,-0.000001471500000,-0.000445368000000,-0.000018418000000,5.000000000000000,3005.000000000000000
288.000000000000000,0.300000000000000,0.000004626840000,0.000000000000000,-161.657999999999987,0.000479879000000,0.000000000000000,-177.846000000000003,-0.000004395870000,-0.000001460320000,-0.000479581000000,-0.000018060300000,5.000000000000000,3005.000000000000000
288.000000000000000,0.300000000000000,0.000004608210000,0.000000000000000,-159.822000000000003,0.000523452000000,0.000000000000000,-178.044000000000011,-0.000004328820000,-0.000001590710000,-0.000523213000000,-0.000017881500000,5.000000000000000,3005.000000000000000
288.000000000000000,0.300000000000000,0.000004589590000,0.000000000000000,-159.563999999999993,0.000540320000000,0.000000000000000,-178.080000000000012,-0.000004306460000,-0.000001605610000,-0.000540081000000,-0.000018119900000,5.000000000000000,3005.000000000000000
297.000000000000000,0.300000000000000,0.000004526260000,0.000000000000000,-159.006000000000000,0.000561420000000,0.000000000000000,-178.151999999999987,-0.000004231960000,-0.000001624230000,-0.000561181000000,-0.000018179500000,5.000000000000000,3005.000000000000000
297.000000000000000,0.300000000000000,0.000003900410000,0.000000000000000,-154.554000000000002,0.000585858000000,0.000000000000000,-178.229999999999990,-0.000003524140000,-0.000001680110000,-0.000585679000000,-0.000018119900000,5.000000000000000,3005.000000000000000
297.000000000000000,0.300000000000000,0.000003196310000,0.000000000000000,-148.512000000000000,0.000595096000000,0.000000000000000,-178.253999999999990,-0.000002726930000,-0.000001672660000,-0.000594918000000,-0.000018179500000,5.000000000000000,3005.000000000000000
306.000000000000000,0.300000000000000,0.000002775360000,0.000000000000000,-144.234000000000009,0.000599626000000,0.000000000000000,-178.259999999999991,-0.000002253820000,-0.000001624230000,-0.000599388000000,-0.000018239100000,5.000000000000000,3005.000000000000000
306.000000000000000,0.300000000000000,0.000001885000000,0.000000000000000,-118.739999999999995,0.000601415000000,0.000000000000000,-178.271999999999991,-0.000000908974000,-0.000001654040000,-0.000601236000000,-0.000018179500000,5.000000000000000,3005.000000000000000
306.000000000000000,0.300000000000000,0.000001907360000,0.000000000000000,-66.786000000000001,0.000602189000000,0.000000000000000,-178.289999999999992,0.000000752512000,-0.000001758340000,-0.000602011000000,-0.000018000700000,5.000000000000000,3005.000000000000000
315.000000000000000,0.300000000000000,0.000002518310000,0.000000000000000,-41.088000000000001,0.000589255000000,0.000000000000000,-178.223999999999989,0.000001899910000,-0.000001657760000,-0.000589076000000,-0.000018298700000,5.000000000000000,3005.000000000000000
315.000000000000000,0.300000000000000,0.000003859430000,0.000000000000000,-23.202000000000002,0.000567857000000,0.000000000000000,-178.151999999999987,0.000003546490000,-0.000001523650000,-0.000567619000000,-0.000018358300000,5.000000000000000,3005.000000000000000
315.000000000000000,0.300000000000000,0.000005725800000,0.000000000000000,-15.672000000000001,0.000559393000000,0.000000000000000,-178.122000000000014,0.000005509730000,-0.000001549730000,-0.000559155000000,-0.000018358300000,5.000000000000000,3005.000000000000000
324.000000000000000,0.300000000000000,0.000006936520000,0.000000000000000,-13.667999999999999,0.000530545000000,0.000000000000000,-178.008000000000010,0.000006742800000,-0.000001642860000,-0.000530306000000,-0.000018477600000,5.000000000000000,3005.000000000000000
324.000000000000000,0.300000000000000,0.000008381960000,0.000000000000000,-11.724000000000000,0.000487687000000,0.000000000000000,-177.828000000000003,0.000008206870000,-0.000001706190000,-0.000487449000000,-0.000018477600000,5.000000000000000,3005.000000000000000
324.000000000000000,0.300000000000000,0.000010147700000,0.000000000000000,-9.852000000000000,0.000470879000000,0.000000000000000,-177.756000000000000,0.000009998740000,-0.000001739720000,-0.000470581000000,-0.000018477600000,5.000000000000000,3005.000000000000000
333.000000000000000,0.300000000000000,0.000011291400000,0.000000000000000,-8.676000000000000,0.000430228000000,0.000000000000000,-177.539999999999992,0.000011161000000,-0.000001706190000,-0.000429930000000,-0.000018477600000,5.000000000000000,3005.000000000000000
333.000000000000000,0.300000000000000,0.000012535700000,0.000000000000000,-7.944000000000000,0.000372769000000,0.000000000000000,-177.186000000000007,0.000012412700000,-0.000001735990000,-0.000372412000000,-0.000018358300000,5.000000000000000,3005.000000000000000
333.000000000000000,0.300000000000000,0.000013880500000,0.000000000000000,-7.116000000000000,0.000350239000000,0.000000000000000,-177.000000000000000,0.000013772500000,-0.000001721090000,-0.000349822000000,-0.000018358300000,5.000000000000000,3005.000000000000000
342.000000000000000,0.300000000000000,0.000014655400000,0.000000000000000,-6.204000000000000,0.000302972000000,0.000000000000000,-176.514000000000010,0.000014565900000,-0.000001586980000,-0.000302436000000,-0.000018477600000,5.000000000000000,3005.000000000000000
342.000000000000000,0.300000000000000,0.000015590500000,0.000000000000000,-5.670000000000000,0.000237466000000,0.000000000000000,-175.524000000000001,0.000015516000000,-0.000001542280000,-0.000236810000000,-0.000018537200000,5.000000000000000,3005.000000000000000
342.000000000000000,0.300000000000000,0.000016465900000,0.000000000000000,-5.322000000000000,0.000212074000000,0.000000000000000,-174.990000000000009,0.000016395100000,-0.000001527380000,-0.000211359000000,-0.000018537200000,5.000000000000000,3005.000000000000000
351.000000000000000,0.300000000000000,0.000016920400000,0.000000000000000,-5.040000000000000,0.000164271000000,0.000000000000000,-173.406000000000006,0.000016853300000,-0.000001490120000,-0.000163258000000,-0.000018894800000,5.000000000000000,3005.000000000000000
351.000000000000000,0.300000000000000,0.000016998600000,0.000000000000000,-4.332000000000000,0.000101209000000,0.000000000000000,-169.199999999999988,0.000016946500000,-0.000001285230000,-0.000099480600000,-0.000019014000000,5.000000000000000,3005.000000000000000
351.000000000000000,0.300000000000000,0.000016976300000,0.000000000000000,-3.702000000000000,0.000077009700000,0.000000000000000,-165.774000000000001,0.000016939000000,-0.000001098970000,-0.000074744700000,-0.000018954400000,5.000000000000000,3005.000000000000000
360.000000000000000,0.300000000000000,0.000016831000000,0.000000000000000,-3.426000000000000,0.000036239900000,0.000000000000000,-148.247999999999990,0.000016801200000,-0.000001009560000,-0.000030875400000,-0.000019133200000,5.000000000000000,3005.000000000000000
360.000000000000000,0.300000000000000,0.000016052400000,0.000000000000000,-5.304000000000000,0.000033021200000,0.000000000000000,-35.231999999999999,0.000015985300000,-0.000001486400000,0.000026941400000,-0.000019073600000,5.000000000000000,3005.000000000000000
360.000000000000000,0.300000000000000,0.000015135900000,0.000000000000000,-7.416000000000000,0.000052809900000,0.000000000000000,-21.042000000000002,0.000015009300000,-0.000001955790000,0.000049293300000,-0.000019014000000,5.000000000000000,3005.000000000000000
0.000000000000000,0.400000000000000,0.000010781000000,0.000000000000000,-7.332000000000000,0.000158370000000,0.000000000000000,-6.924000000000000,0.000010695400000,-0.000001378360000,0.000157238000000,-0.000019133200000,5.000000000000000,3005.000000000000000
0.000000000000000,0.400000000000000,0.000010129100000,0.000000000000000,-8.538000000000000,0.000149013000000,0.000000000000000,-7.350000000000000,0.000010013600000,-0.000001505020000,0.000147820000000,-0.000019073600000,5.000000000000000,3005.000000000000000
0.000000000000000,0.400000000000000,0.000009119570000,0.000000000000000,-9.444000000000001,0.000150443000000,0.000000000000000,-7.254000000000000,0.000008992910000,-0.000001497570000,0.000149251000000,-0.000019014000000,5.000000000000000,3005.000000000000000
9.000000000000000,0.400000000000000,0.000008549600000,0.000000000000000,-9.648000000000000,0.000172318000000,0.000000000000000,-6.342000000000000,0.000008426660000,-0.000001434240000,0.000171245000000,-0.000019073600000,5.000000000000000,3005.000000000000000
