Angle,Magnet current (A),R2w,R2werr,Theta2w,R1w,R1werr,Theta1w,X2,Y2,X1,Y1,I_source (mA),f_source (Hz)
0.000000000000000,2.000000000000000,0.000036761400000,0.000000000000000,4.650000000000000,0.000396492000000,0.000000000000000,176.201999999999998,0.000036642200000,0.000002972800000,-0.000395777000000,0.000026226200000,10.000000000000000,3005.000000000000000
0.000000000000000,2.000000000000000,0.000036537900000,0.000000000000000,4.584000000000000,0.000396492000000,0.000000000000000,176.201999999999998,0.000036411200000,0.000002913190000,-0.000395777000000,0.000026226200000,10.000000000000000,3005.000000000000000
0.000000000000000,2.000000000000000,0.000036552800000,0.000000000000000,4.416000000000000,0.000396730000000,0.000000000000000,176.201999999999998,0.000036448500000,0.000002808880000,-0.000396015000000,0.000026107000000,10.000000000000000,3005.000000000000000
9.000000000000000,2.000000000000000,0.000032209100000,0.000000000000000,5.190000000000000,0.000221969000000,0.000000000000000,173.244000000000000,0.000032075000000,0.000002913190000,-0.000220538000000,0.000026107000000,10.000000000000000,3005.000000000000000
9.000000000000000,2.000000000000000,0.000029422500000,0.000000000000000,5.694000000000000,0.000178100000000,0.000000000000000,171.587999999999994,0.000029273400000,0.000002913190000,-0.000176311000000,0.000025987700000,10.000000000000000,3005.000000000000000
9.000000000000000,2.000000000000000,0.000027761000000,0.000000000000000,5.784000000000000,0.000154019000000,0.000000000000000,170.286000000000001,0.000027619400000,0.000002793980000,-0.000151874000000,0.000025987700000,10.000000000000000,3005.000000000000000
18.000000000000000,2.000000000000000,0.000023134200000,0.000000000000000,10.710000000000001,0.000042796400000,0.000000000000000,36.834000000000003,0.000022731800000,0.000004299010000,0.000034213300000,0.000025630100000,10.000000000000000,3005.000000000000000
18.000000000000000,2.000000000000000,0.000022038900000,0.000000000000000,12.593999999999999,0.000079393900000,0.000000000000000,18.797999999999998,0.000021509900000,0.000004805650000,0.000075102300000,0.000025510900000,10.000000000000000,3005.000000000000000
18.000000000000000,2.000000000000000,0.000021405600000,0.000000000000000,13.506000000000000,0.000101090000000,0.000000000000000,14.657999999999999,0.000020809600000,0.000004999370000,0.000097752100000,0.000025510900000,10.000000000000000,3005.000000000000000
27.000000000000000,2.000000000000000,0.000024780700000,0.000000000000000,13.500000000000000,0.000252010000000,0.000000000000000,5.784000000000000,0.000024095300000,0.000005781680000,0.000250699000000,0.000025391700000,10.000000000000000,3005.000000000000000
27.000000000000000,2.000000000000000,0.000025645000000,0.000000000000000,13.356000000000000,0.000284912000000,0.000000000000000,5.130000000000000,0.000024952100000,0.000005923240000,0.000283720000000,0.000025391700000,10.000000000000000,3005.000000000000000
27.000000000000000,2.000000000000000,0.000025883400000,0.000000000000000,13.236000000000001,0.000303032000000,0.000000000000000,4.806000000000000,0.000025198000000,0.000005923240000,0.000301959000000,0.000025391700000,10.000000000000000,3005.000000000000000
36.000000000000000,2.000000000000000,0.000027708800000,0.000000000000000,12.023999999999999,0.000410320000000,0.000000000000000,3.540000000000000,0.000027105300000,0.000005766780000,0.000409486000000,0.000025272500000,10.000000000000000,3005.000000000000000
36.000000000000000,2.000000000000000,0.000027544900000,0.000000000000000,11.958000000000000,0.000432732000000,0.000000000000000,3.366000000000000,0.000026941400000,0.000005699720000,0.000432016000000,0.000025391700000,10.000000000000000,3005.000000000000000
36.000000000000000,2.000000000000000,0.000027217100000,0.000000000000000,11.814000000000000,0.000445129000000,0.000000000000000,3.288000000000000,0.000026643400000,0.000005573060000,0.000444414000000,0.000025510900000,10.000000000000000,3005.000000000000000
45.000000000000000,2.000000000000000,0.000025719500000,0.000000000000000,12.144000000000000,0.000494603000000,0.000000000000000,2.952000000000000,0.000025145800000,0.000005409150000,0.000493888000000,0.000025391700000,10.000000000000000,3005.000000000000000
45.000000000000000,2.000000000000000,0.000025078800000,0.000000000000000,11.795999999999999,0.000503782000000,0.000000000000000,2.892000000000000,0.000024549800000,0.000005126030000,0.000503067000000,0.000025391700000,10.000000000000000,3005.000000000000000
45.000000000000000,2.000000000000000,0.000024467800000,0.000000000000000,11.694000000000001,0.000508789000000,0.000000000000000,2.850000000000000,0.000023961200000,0.000004954670000,0.000508193000000,0.000025272500000,10.000000000000000,3005.000000000000000
54.000000000000000,2.000000000000000,0.000023365100000,0.000000000000000,12.954000000000001,0.000497345000000,0.000000000000000,2.934000000000000,0.000022776500000,0.000005237790000,0.000496749000000,0.000025391700000,10.000000000000000,3005.000000000000000
54.000000000000000,2.000000000000000,0.000022664800000,0.000000000000000,14.093999999999999,0.000493053000000,0.000000000000000,2.958000000000000,0.000021979300000,0.000005513460000,0.000492338000000,0.000025391700000,10.000000000000000,3005.000000000000000
54.000000000000000,2.000000000000000,0.000022143200000,0.000000000000000,14.538000000000000,0.000490550000000,0.000000000000000,2.970000000000000,0.000021435400000,0.000005558160000,0.000489954000000,0.000025391700000,10.000000000000000,3005.000000000000000
63.000000000000000,2.000000000000000,0.000021770700000,0.000000000000000,15.066000000000001,0.000419499000000,0.000000000000000,3.498000000000000,0.000021025700000,0.000005655020000,0.000418665000000,0.000025510900000,10.000000000000000,3005.000000000000000
63.000000000000000,2.000000000000000,0.000021532300000,0.000000000000000,15.036000000000000,0.000401976000000,0.000000000000000,3.660000000000000,0.000020787200000,0.000005580510000,0.000401141000000,0.000025630100000,10.000000000000000,3005.000000000000000
63.000000000000000,2.000000000000000,0.000021308800000,0.000000000000000,15.768000000000001,0.000392200000000,0.000000000000000,3.744000000000000,0.000020511600000,0.000005789130000,0.000391366000000,0.000025510900000,10.000000000000000,3005.000000000000000
72.000000000000000,2.000000000000000,0.000017970900000,0.000000000000000,18.515999999999998,0.000267627000000,0.000000000000000,5.430000000000000,0.000017032100000,0.000005699720000,0.000266435000000,0.000025272500000,10.000000000000000,3005.000000000000000
72.000000000000000,2.000000000000000,0.000016302000000,0.000000000000000,19.835999999999999,0.000238300000000,0.000000000000000,6.102000000000000,0.000015333400000,0.000005528360000,0.000236870000000,0.000025272500000,10.000000000000000,3005.000000000000000
72.000000000000000,2.000000000000000,0.000015326000000,0.000000000000000,21.108000000000001,0.000222088000000,0.000000000000000,6.564000000000000,0.000014297700000,0.000005513460000,0.000220657000000,0.000025391700000,10.000000000000000,3005.000000000000000
81.000000000000000,2.000000000000000,0.000012554300000,0.000000000000000,20.088000000000001,0.000061750900000,0.000000000000000,24.600000000000001,0.000011786900000,0.000004306460000,0.000056147800000,0.000025630100000,10.000000000000000,3005.000000000000000
81.000000000000000,2.000000000000000,0.000011541000000,0.000000000000000,22.434000000000001,0.000031590700000,0.000000000000000,54.600000000000001,0.000010669300000,0.000004403320000,0.000018239100000,0.000025749300000,10.000000000000000,3005.000000000000000
81.000000000000000,2.000000000000000,0.000011131200000,0.000000000000000,23.771999999999998,0.000025987700000,0.000000000000000,96.030000000000001,0.000010185000000,0.000004485280000,-0.000002741830000,0.000025749300000,10.000000000000000,3005.000000000000000
90.000000000000000,2.000000000000000,0.000016629800000,0.000000000000000,14.532000000000000,0.000195862000000,0.000000000000000,172.313999999999993,0.000016093400000,0.000004172350000,-0.000194193000000,0.000026107000000,10.000000000000000,3005.000000000000000
90.000000000000000,2.000000000000000,0.000018969300000,0.000000000000000,11.718000000000000,0.000239373000000,0.000000000000000,173.699999999999988,0.000018574400000,0.000003851980000,-0.000237943000000,0.000026107000000,10.000000000000000,3005.000000000000000
90.000000000000000,2.000000000000000,0.000020414700000,0.000000000000000,10.212000000000000,0.000263335000000,0.000000000000000,174.276000000000010,0.000020086900000,0.000003613550000,-0.000262143000000,0.000026226200000,10.000000000000000,3005.000000000000000
99.000000000000000,2.000000000000000,0.000023275700000,0.000000000000000,6.972000000000000,0.000460150000000,0.000000000000000,176.699999999999988,0.000023104400000,0.000002823780000,-0.000459554000000,0.000026464600000,10.000000000000000,3005.000000000000000
99.000000000000000,2.000000000000000,0.000024214500000,0.000000000000000,7.656000000000000,0.000504378000000,0.000000000000000,177.000000000000000,0.000023998400000,0.000003226120000,-0.000503782000000,0.000026345400000,10.000000000000000,3005.000000000000000
99.000000000000000,2.000000000000000,0.000024698800000,0.000000000000000,8.226000000000001,0.000528697000000,0.000000000000000,177.138000000000005,0.000024445500000,0.000003531590000,-0.000528220000000,0.000026345400000,10.000000000000000,3005.000000000000000
108.000000000000000,2.000000000000000,0.000024907400000,0.000000000000000,9.834000000000000,0.000716213000000,0.000000000000000,177.864000000000004,0.000024542300000,0.000004246860000,-0.000715856000000,0.000026583800000,10.000000000000000,3005.000000000000000
108.000000000000000,2.000000000000000,0.000024661500000,0.000000000000000,10.433999999999999,0.000757579000000,0.000000000000000,177.972000000000008,0.000024251800000,0.000004462930000,-0.000757221000000,0.000026703000000,10.000000000000000,3005.000000000000000
108.000000000000000,2.000000000000000,0.000024274100000,0.000000000000000,11.034000000000001,0.000780586000000,0.000000000000000,178.026000000000010,0.000023827100000,0.000004641740000,-0.000780229000000,0.000026822200000,10.000000000000000,3005.000000000000000
117.000000000000000,2.000000000000000,0.000022843600000,0.000000000000000,10.986000000000001,0.000936393000000,0.000000000000000,178.361999999999995,0.000022418900000,0.000004351170000,-0.000936154000000,0.000026703000000,10.000000000000000,3005.000000000000000
117.000000000000000,2.000000000000000,0.000022895800000,0.000000000000000,11.298000000000000,0.000970129000000,0.000000000000000,178.415999999999997,0.000022448700000,0.000004485280000,-0.000969771000000,0.000026822200000,10.000000000000000,3005.000000000000000
117.000000000000000,2.000000000000000,0.000022754200000,0.000000000000000,11.592000000000001,0.000988491000000,0.000000000000000,178.451999999999998,0.000022292300000,0.000004567240000,-0.000988372000000,0.000026703000000,10.000000000000000,3005.000000000000000
126.000000000000000,2.000000000000000,0.000022225200000,0.000000000000000,11.628000000000000,0.001098760000000,0.000000000000000,178.602000000000004,0.000021770700000,0.000004477830000,-0.001098640000000,0.000026703000000,10.000000000000000,3005.000000000000000
126.000000000000000,2.000000000000000,0.000022016600000,0.000000000000000,12.006000000000000,0.001122240000000,0.000000000000000,178.638000000000005,0.000021532300000,0.000004574690000,-0.001122010000000,0.000026583800000,10.000000000000000,3005.000000000000000
126.000000000000000,2.000000000000000,0.000022001700000,0.000000000000000,12.545999999999999,0.001135000000000,0.000000000000000,178.656000000000006,0.000021472700000,0.000004775850000,-0.001134760000000,0.000026583800000,10.000000000000000,3005.000000000000000
135.000000000000000,2.000000000000000,0.000021562100000,0.000000000000000,14.226000000000001,0.001187210000000,0.000000000000000,178.704000000000008,0.000020899000000,0.000005297390000,-0.001187090000000,0.000026822200000,10.000000000000000,3005.000000000000000
135.000000000000000,2.000000000000000,0.000020958600000,0.000000000000000,14.238000000000000,0.001197230000000,0.000000000000000,178.716000000000008,0.000020310400000,0.000005148380000,-0.001196990000000,0.000026703000000,10.000000000000000,3005.000000000000000
135.000000000000000,2.000000000000000,0.000020392400000,0.000000000000000,14.183999999999999,0.001202590000000,0.000000000000000,178.722000000000008,0.000019774000000,0.000004999370000,-0.001202470000000,0.000026703000000,10.000000000000000,3005.000000000000000
144.000000000000000,2.000000000000000,0.000019610000000,0.000000000000000,13.385999999999999,0.001191150000000,0.000000000000000,178.716000000000008,0.000019073600000,0.000004537430000,-0.001191030000000,0.000026703000000,10.000000000000000,3005.000000000000000
144.000000000000000,2.000000000000000,0.000018969300000,0.000000000000000,13.494000000000000,0.001186970000000,0.000000000000000,178.710000000000008,0.000018440300000,0.000004425670000,-0.001186740000000,0.000026703000000,10.000000000000000,3005.000000000000000
144.000000000000000,2.000000000000000,0.000018485000000,0.000000000000000,14.664000000000000,0.001184590000000,0.000000000000000,178.710000000000008,0.000017881500000,0.000004678990000,-0.001184350000000,0.000026703000000,10.000000000000000,3005.000000000000000
153.000000000000000,2.000000000000000,0.000016957600000,0.000000000000000,14.760000000000000,0.001111400000000,0.000000000000000,178.626000000000005,0.000016398800000,0.000004313920000,-0.001111160000000,0.000026583800000,10.000000000000000,3005.000000000000000
153.000000000000000,2.000000000000000,0.000016182800000,0.000000000000000,15.210000000000001,0.001093400000000,0.000000000000000,178.608000000000004,0.000015616500000,0.000004239410000,-0.001093160000000,0.000026583800000,10.000000000000000,3005.000000000000000
153.000000000000000,2.000000000000000,0.000015840100000,0.000000000000000,16.271999999999998,0.001083380000000,0.000000000000000,178.584000000000003,0.000015206700000,0.000004433120000,-0.001083140000000,0.000026703000000,10.000000000000000,3005.000000000000000
162.000000000000000,2.000000000000000,0.000014096600000,0.000000000000000,18.324000000000002,0.000954870000000,0.000000000000000,178.403999999999996,0.000013381300000,0.000004433120000,-0.000954632000000,0.000026583800000,10.000000000000000,3005.000000000000000
162.000000000000000,2.000000000000000,0.000013828300000,0.000000000000000,18.372000000000000,0.000924472000000,0.000000000000000,178.355999999999994,0.000013120500000,0.000004358620000,-0.000924233000000,0.000026464600000,10.000000000000000,3005.000000000000000
162.000000000000000,2.000000000000000,0.000013806000000,0.000000000000000,18.084000000000000,0.000907663000000,0.000000000000000,178.325999999999993,0.000013120500000,0.000004284110000,-0.000907425000000,0.000026464600000,10.000000000000000,3005.000000000000000
171.000000000000000,2.000000000000000,0.000013567600000,0.000000000000000,18.558000000000000,0.000737313000000,0.000000000000000,177.960000000000008,0.000012859800000,0.000004313920000,-0.000737075000000,0.000026226200000,10.000000000000000,3005.000000000000000
171.000000000000000,2.000000000000000,0.000013217400000,0.000000000000000,19.661999999999999,0.000698332000000,0.000000000000000,177.852000000000004,0.000012442500000,0.000004440580000,-0.000697974000000,0.000026107000000,10.000000000000000,3005.000000000000000
171.000000000000000,2.000000000000000,0.000013053500000,0.000000000000000,20.129999999999999,0.000676874000000,0.000000000000000,177.780000000000001,0.000012256300000,0.000004492730000,-0.000676397000000,0.000026107000000,10.000000000000000,3005.000000000000000
180.000000000000000,2.000000000000000,0.000013560100000,0.000000000000000,16.440000000000001,0.000480892000000,0.000000000000000,176.879999999999995,0.000013008800000,0.000003837080000,-0.000480296000000,0.000026107000000,10.000000000000000,3005.000000000000000
180.000000000000000,2.000000000000000,0.000013642100000,0.000000000000000,15.672000000000001,0.000436665000000,0.000000000000000,176.562000000000012,0.000013135400000,0.000003680600000,-0.000436069000000,0.000026107000000,10.000000000000000,3005.000000000000000
180.000000000000000,2.000000000000000,0.000013969900000,0.000000000000000,15.071999999999999,0.000412228000000,0.000000000000000,176.358000000000004,0.000013485600000,0.000003628450000,-0.000411512000000,0.000026107000000,10.000000000000000,3005.000000000000000
189.000000000000000,2.000000000000000,0.000008836450000,0.000000000000000,21.864000000000001,0.000215174000000,0.000000000000000,173.129999999999995,0.000008203150000,0.000003293170000,-0.000213743000000,0.000025630100000,10.000000000000000,3005.000000000000000
189.000000000000000,2.000000000000000,0.000007234540000,0.000000000000000,31.524000000000001,0.000171305000000,0.000000000000000,171.407999999999987,0.000006169110000,0.000003784910000,-0.000169397000000,0.000025510900000,10.000000000000000,3005.000000000000000
189.000000000000000,2.000000000000000,0.000006333020000,0.000000000000000,37.823999999999998,0.000146986000000,0.000000000000000,169.973999999999989,0.000004999370000,0.000003881780000,-0.000144840000000,0.000025510900000,10.000000000000000,3005.000000000000000
198.000000000000000,2.000000000000000,0.000004433120000,0.000000000000000,66.474000000000004,0.000047087900000,0.000000000000000,33.173999999999999,0.000001773250000,0.000004068050000,0.000039458500000,0.000025749300000,10.000000000000000,3005.000000000000000
198.000000000000000,2.000000000000000,0.000004999370000,0.000000000000000,76.668000000000006,0.000084162200000,0.000000000000000,17.832000000000001,0.000001147400000,0.000004865260000,0.000080109100000,0.000025749300000,10.000000000000000,3005.000000000000000
198.000000000000000,2.000000000000000,0.000005506010000,0.000000000000000,79.343999999999994,0.000105620000000,0.000000000000000,14.052000000000000,0.000001013290000,0.000005416600000,0.000102520000000,0.000025630100000,10.000000000000000,3005.000000000000000
207.000000000000000,2.000000000000000,0.000008419210000,0.000000000000000,37.344000000000001,0.000256302000000,0.000000000000000,5.718000000000000,0.000006690650000,0.000005103680000,0.000255110000000,0.000025510900000,10.000000000000000,3005.000000000000000
207.000000000000000,2.000000000000000,0.000010334000000,0.000000000000000,31.230000000000000,0.000288965000000,0.000000000000000,5.052000000000000,0.000008836450000,0.000005357000000,0.000287892000000,0.000025391700000,10.000000000000000,3005.000000000000000
207.000000000000000,2.000000000000000,0.000011451600000,0.000000000000000,29.160000000000000,0.000307085000000,0.000000000000000,4.770000000000000,0.000009998740000,0.000005573060000,0.000306012000000,0.000025510900000,10.000000000000000,3005.000000000000000
216.000000000000000,2.000000000000000,0.000015124700000,0.000000000000000,22.902000000000001,0.000412704000000,0.000000000000000,3.540000000000000,0.000013932600000,0.000005885990000,0.000411870000000,0.000025391700000,10.000000000000000,3005.000000000000000
216.000000000000000,2.000000000000000,0.000015676100000,0.000000000000000,21.707999999999998,0.000434758000000,0.000000000000000,3.348000000000000,0.000014565900000,0.000005796580000,0.000433924000000,0.000025391700000,10.000000000000000,3005.000000000000000
216.000000000000000,2.000000000000000,0.000015653800000,0.000000000000000,20.928000000000001,0.000446798000000,0.000000000000000,3.258000000000000,0.000014625500000,0.000005587960000,0.000446083000000,0.000025391700000,10.000000000000000,3005.000000000000000
225.000000000000000,2.000000000000000,0.000017523900000,0.000000000000000,18.084000000000000,0.000495199000000,0.000000000000000,2.916000000000000,0.000016652200000,0.000005438950000,0.000494603000000,0.000025153300000,10.000000000000000,3005.000000000000000
225.000000000000000,2.000000000000000,0.000018090100000,0.000000000000000,17.652000000000001,0.000504259000000,0.000000000000000,2.874000000000000,0.000017233300000,0.000005483660000,0.000503663000000,0.000025153300000,10.000000000000000,3005.000000000000000
225.000000000000000,2.000000000000000,0.000018097600000,0.000000000000000,17.622000000000000,0.000509385000000,0.000000000000000,2.856000000000000,0.000017248200000,0.000005476210000,0.000508789000000,0.000025391700000,10.000000000000000,3005.000000000000000
234.000000000000000,2.000000000000000,0.000019855900000,0.000000000000000,15.558000000000000,0.000497583000000,0.000000000000000,2.946000000000000,0.000019125800000,0.000005319740000,0.000496868000000,0.000025510900000,10.000000000000000,3005.000000000000000
234.000000000000000,2.000000000000000,0.000020146500000,0.000000000000000,16.074000000000002,0.000493053000000,0.000000000000000,2.970000000000000,0.000019364200000,0.000005573060000,0.000492457000000,0.000025510900000,10.000000000000000,3005.000000000000000
234.000000000000000,2.000000000000000,0.000020139000000,0.000000000000000,15.821999999999999,0.000490669000000,0.000000000000000,2.976000000000000,0.000019379100000,0.000005491110000,0.000489954000000,0.000025391700000,10.000000000000000,3005.000000000000000
243.000000000000000,2.000000000000000,0.000020504100000,0.000000000000000,15.654000000000000,0.000419261000000,0.000000000000000,3.480000000000000,0.000019744200000,0.000005528360000,0.000418426000000,0.000025391700000,10.000000000000000,3005.000000000000000
243.000000000000000,2.000000000000000,0.000020668000000,0.000000000000000,15.792000000000000,0.000401618000000,0.000000000000000,3.636000000000000,0.000019885700000,0.000005625220000,0.000400903000000,0.000025391700000,10.000000000000000,3005.000000000000000
243.000000000000000,2.000000000000000,0.000020794700000,0.000000000000000,15.582000000000001,0.000391962000000,0.000000000000000,3.732000000000000,0.000020027300000,0.000005580510000,0.000391128000000,0.000025510900000,10.000000000000000,3005.000000000000000
252.000000000000000,2.000000000000000,0.000018634000000,0.000000000000000,16.283999999999999,0.000268342000000,0.000000000000000,5.502000000000000,0.000017889000000,0.000005222890000,0.000267150000000,0.000025630100000,10.000000000000000,3005.000000000000000
252.000000000000000,2.000000000000000,0.000017337600000,0.000000000000000,18.768000000000001,0.000239373000000,0.000000000000000,6.186000000000000,0.000016413700000,0.000005573060000,0.000237943000000,0.000025749300000,10.000000000000000,3005.000000000000000
252.000000000000000,2.000000000000000,0.000016495700000,0.000000000000000,20.454000000000001,0.000223161000000,0.000000000000000,6.618000000000000,0.000015452600000,0.000005759330000,0.000221730000000,0.000025630100000,10.000000000000000,3005.000000000000000
261.000000000000000,2.000000000000000,0.000014923600000,0.000000000000000,18.617999999999999,0.000064015900000,0.000000000000000,23.850000000000001,0.000014141300000,0.000004760950000,0.000058651200000,0.000025868500000,10.000000000000000,3005.000000000000000
261.000000000000000,2.000000000000000,0.000013664400000,0.000000000000000,19.193999999999999,0.000033498000000,0.000000000000000,51.036000000000001,0.000012904500000,0.000004492730000,0.000021100200000,0.000026107000000,10.000000000000000,3005.000000000000000
261.000000000000000,2.000000000000000,0.000012710700000,0.000000000000000,19.667999999999999,0.000026107000000,0.000000000000000,89.418000000000006,0.000011965700000,0.000004276660000,0.000000238420000,0.000026107000000,10.000000000000000,3005.000000000000000
270.000000000000000,2.000000000000000,0.000016860800000,0.000000000000000,12.324000000000000,0.000191689000000,0.000000000000000,172.127999999999986,0.000016473400000,0.000003598640000,-0.000190021000000,0.000026226200000,10.000000000000000,3005.000000000000000
270.000000000000000,2.000000000000000,0.000019200300000,0.000000000000000,11.166000000000000,0.000234605000000,0.000000000000000,173.592000000000013,0.000018835200000,0.000003717850000,-0.000233294000000,0.000026107000000,10.000000000000000,3005.000000000000000
270.000000000000000,2.000000000000000,0.000020772300000,0.000000000000000,9.978000000000000,0.000258448000000,0.000000000000000,174.150000000000006,0.000020452000000,0.000003598640000,-0.000257136000000,0.000026226200000,10.000000000000000,3005.000000000000000
279.000000000000000,2.000000000000000,0.000023387500000,0.000000000000000,7.908000000000000,0.000454547000000,0.000000000000000,176.663999999999987,0.000023171400000,0.000003218670000,-0.000453951000000,0.000026464600000,10.000000000000000,3005.000000000000000
279.000000000000000,2.000000000000000,0.000023581200000,0.000000000000000,8.220000000000001,0.000498775000000,0.000000000000000,176.951999999999998,0.000023342800000,0.000003367680000,-0.000498179000000,0.000026464600000,10.000000000000000,3005.000000000000000
279.000000000000000,2.000000000000000,0.000023648300000,0.000000000000000,8.609999999999999,0.000523213000000,0.000000000000000,177.084000000000003,0.000023380000000,0.000003539040000,-0.000522617000000,0.000026583800000,10.000000000000000,3005.000000000000000
288.000000000000000,2.000000000000000,0.000023529000000,0.000000000000000,9.257999999999999,0.000711087000000,0.000000000000000,177.870000000000004,0.000023223600000,0.000003784910000,-0.000710730000000,0.000026464600000,10.000000000000000,3005.000000000000000
288.000000000000000,2.000000000000000,0.000023052200000,0.000000000000000,10.584000000000000,0.000752572000000,0.000000000000000,177.978000000000008,0.000022657300000,0.000004231960000,-0.000752334000000,0.000026583800000,10.000000000000000,3005.000000000000000
288.000000000000000,2.000000000000000,0.000022605200000,0.000000000000000,11.568000000000000,0.000775579000000,0.000000000000000,178.038000000000011,0.000022150700000,0.000004529980000,-0.000775222000000,0.000026583800000,10.000000000000000,3005.000000000000000
297.000000000000000,2.000000000000000,0.000022635000000,0.000000000000000,11.154000000000000,0.000931505000000,0.000000000000000,178.355999999999994,0.000022210300000,0.000004373520000,-0.000931147000000,0.000026703000000,10.000000000000000,3005.000000000000000
297.000000000000000,2.000000000000000,0.000022351900000,0.000000000000000,10.512000000000000,0.000965361000000,0.000000000000000,178.415999999999997,0.000021979300000,0.000004075500000,-0.000965122000000,0.000026583800000,10.000000000000000,3005.000000000000000
297.000000000000000,2.000000000000000,0.000022314600000,0.000000000000000,10.326000000000001,0.000983723000000,0.000000000000000,178.451999999999998,0.000021957000000,0.000003993540000,-0.000983484000000,0.000026583800000,10.000000000000000,3005.000000000000000
306.000000000000000,2.000000000000000,0.000022508300000,0.000000000000000,11.286000000000000,0.001096020000000,0.000000000000000,178.596000000000003,0.000022076200000,0.000004403320000,-0.001095780000000,0.000026822200000,10.000000000000000,3005.000000000000000
306.000000000000000,2.000000000000000,0.000022314600000,0.000000000000000,11.472000000000000,0.001119500000000,0.000000000000000,178.620000000000004,0.000021867600000,0.000004433120000,-0.001119380000000,0.000026941400000,10.000000000000000,3005.000000000000000
306.000000000000000,2.000000000000000,0.000022240100000,0.000000000000000,11.742000000000001,0.001132500000000,0.000000000000000,178.626000000000005,0.000021778200000,0.000004522530000,-0.001132380000000,0.000027179800000,10.000000000000000,3005.000000000000000
315.000000000000000,2.000000000000000,0.000023916500000,0.000000000000000,11.808000000000000,0.001187570000000,0.000000000000000,178.710000000000008,0.000023409800000,0.000004887610000,-0.001187330000000,0.000026703000000,10.000000000000000,3005.000000000000000
315.000000000000000,2.000000000000000,0.000024184700000,0.000000000000000,12.288000000000000,0.001198060000000,0.000000000000000,178.722000000000008,0.000023625900000,0.000005140930000,-0.001197820000000,0.000026703000000,10.000000000000000,3005.000000000000000
315.000000000000000,2.000000000000000,0.000024177300000,0.000000000000000,12.336000000000000,0.001203780000000,0.000000000000000,178.728000000000008,0.000023618500000,0.000005163280000,-0.001203660000000,0.000026703000000,10.000000000000000,3005.000000000000000
324.000000000000000,2.000000000000000,0.000026166600000,0.000000000000000,10.656000000000001,0.001195680000000,0.000000000000000,178.698000000000007,0.000025712100000,0.000004835460000,-0.001195440000000,0.000027060600000,10.000000000000000,3005.000000000000000
324.000000000000000,2.000000000000000,0.000026725300000,0.000000000000000,9.864000000000001,0.001191740000000,0.000000000000000,178.698000000000007,0.000026337900000,0.000004574690000,-0.001191500000000,0.000027060600000,10.000000000000000,3005.000000000000000
324.000000000000000,2.000000000000000,0.000026792400000,0.000000000000000,9.119999999999999,0.001189480000000,0.000000000000000,178.698000000000007,0.000026457100000,0.000004239410000,-0.001189360000000,0.000026941400000,10.000000000000000,3005.000000000000000
333.000000000000000,2.000000000000000,0.000028178200000,0.000000000000000,8.568000000000000,0.001119380000000,0.000000000000000,178.614000000000004,0.000027865300000,0.000004194710000,-0.001119140000000,0.000027060600000,10.000000000000000,3005.000000000000000
333.000000000000000,2.000000000000000,0.000028819000000,0.000000000000000,8.592000000000001,0.001101860000000,0.000000000000000,178.602000000000004,0.000028498600000,0.000004306460000,-0.001101620000000,0.000026822200000,10.000000000000000,3005.000000000000000
333.000000000000000,2.000000000000000,0.000029169100000,0.000000000000000,8.304000000000000,0.001092320000000,0.000000000000000,178.590000000000003,0.000028863700000,0.000004209610000,-0.001092080000000,0.000026822200000,10.000000000000000,3005.000000000000000
342.000000000000000,2.000000000000000,0.000030026000000,0.000000000000000,9.414000000000000,0.000965599000000,0.000000000000000,178.403999999999996,0.000029623600000,0.000004909960000,-0.000965361000000,0.000026822200000,10.000000000000000,3005.000000000000000
342.000000000000000,2.000000000000000,0.000030324000000,0.000000000000000,8.141999999999999,0.000935916000000,0.000000000000000,178.355999999999994,0.000030018500000,0.000004291560000,-0.000935677000000,0.000026822200000,10.000000000000000,3005.000000000000000
342.000000000000000,2.000000000000000,0.000030681700000,0.000000000000000,7.326000000000000,0.000919584000000,0.000000000000000,178.331999999999993,0.000030428300000,0.000003911580000,-0.000919346000000,0.000026703000000,10.000000000000000,3005.000000000000000
351.000000000000000,2.000000000000000,0.000033475700000,0.000000000000000,7.218000000000000,0.000751141000000,0.000000000000000,177.978000000000008,0.000033207500000,0.000004202160000,-0.000750784000000,0.000026464600000,10.000000000000000,3005.000000000000000
351.000000000000000,2.000000000000000,0.000033997200000,0.000000000000000,7.218000000000000,0.000712518000000,0.000000000000000,177.882000000000005,0.000033729000000,0.000004269210000,-0.000712160000000,0.000026226200000,10.000000000000000,3005.000000000000000
351.000000000000000,2.000000000000000,0.000034198400000,0.000000000000000,7.152000000000000,0.000690941000000,0.000000000000000,177.822000000000003,0.000033937600000,0.000004254310000,-0.000690583000000,0.000026226200000,10.000000000000000,3005.000000000000000
360.000000000000000,2.000000000000000,0.000035591700000,0.000000000000000,5.070000000000000,0.000494961000000,0.000000000000000,176.939999999999998,0.000035457500000,0.000003144160000,-0.000494365000000,0.000026345400000,10.000000000000000,3005.000000000000000
360.000000000000000,2.000000000000000,0.000035889700000,0.000000000000000,4.944000000000000,0.000450613000000,0.000000000000000,176.639999999999986,0.000035755600000,0.000003092010000,-0.000449898000000,0.000026345400000,10.000000000000000,3005.000000000000000
360.000000000000000,2.000000000000000,0.000035867300000,0.000000000000000,4.842000000000000,0.000425937000000,0.000000000000000,176.436000000000007,0.000035740700000,0.000003024950000,-0.000425341000000,0.000026464600000,10.000000000000000,3005.000000000000000
0.000000000000000,1.500000000000000,0.000054456500000,0.000000000000000,3.762000000000000,0.000209571000000,0.000000000000000,172.895999999999986,0.000054337300000,0.000003568840000,-0.000208021000000,0.000025868500000,10.000000000000000,3005.000000000000000
0.000000000000000,1.500000000000000,0.000040725100000,0.000000000000000,4.866000000000000,0.000173808000000,0.000000000000000,171.443999999999988,0.000040583500000,0.000003449630000,-0.000172020000000,0.000025749300000,10.000000000000000,3005.000000000000000
0.000000000000000,1.500000000000000,0.000034086600000,0.000000000000000,5.508000000000000,0.000153423000000,0.000000000000000,170.346000000000003,0.000033930200000,0.000003270820000,-0.000151278000000,0.000025630100000,10.000000000000000,3005.000000000000000
9.000000000000000,1.500000000000000,0.000025391700000,0.000000000000000,10.109999999999999,0.000041365900000,0.000000000000000,38.658000000000001,0.000025004300000,0.000004455480000,0.000032306000000,0.000025749300000,10.000000000000000,3005.000000000000000
9.000000000000000,1.500000000000000,0.000024646600000,0.000000000000000,11.388000000000000,0.000077605700000,0.000000000000000,19.350000000000001,0.000024162300000,0.000004865260000,0.000073195000000,0.000025630100000,10.000000000000000,3005.000000000000000
9.000000000000000,1.500000000000000,0.000024326300000,0.000000000000000,12.162000000000001,0.000099063400000,0.000000000000000,15.084000000000000,0.000023782400000,0.000005126030000,0.000095725500000,0.000025749300000,10.000000000000000,3005.000000000000000
18.000000000000000,1.500000000000000,0.000026375200000,0.000000000000000,13.488000000000000,0.000250580000000,0.000000000000000,5.844000000000000,0.000025645000000,0.000006146760000,0.000249268000000,0.000025510900000,10.000000000000000,3005.000000000000000
18.000000000000000,1.500000000000000,0.000027194700000,0.000000000000000,13.218000000000000,0.000283362000000,0.000000000000000,5.154000000000000,0.000026472000000,0.000006213810000,0.000282170000000,0.000025391700000,10.000000000000000,3005.000000000000000
18.000000000000000,1.500000000000000,0.000027433200000,0.000000000000000,12.689999999999999,0.000301482000000,0.000000000000000,4.860000000000000,0.000026762600000,0.000006020100000,0.000300409000000,0.000025510900000,10.000000000000000,3005.000000000000000
27.000000000000000,1.500000000000000,0.000028617800000,0.000000000000000,11.826000000000000,0.000408294000000,0.000000000000000,3.582000000000000,0.000028006800000,0.000005863640000,0.000407459000000,0.000025510900000,10.000000000000000,3005.000000000000000
27.000000000000000,1.500000000000000,0.000028364500000,0.000000000000000,11.933999999999999,0.000430705000000,0.000000000000000,3.390000000000000,0.000027746100000,0.000005863640000,0.000429990000000,0.000025391700000,10.000000000000000,3005.000000000000000
27.000000000000000,1.500000000000000,0.000027939800000,0.000000000000000,11.784000000000001,0.000443222000000,0.000000000000000,3.294000000000000,0.000027358600000,0.000005699720000,0.000442507000000,0.000025391700000,10.000000000000000,3005.000000000000000
36.000000000000000,1.500000000000000,0.000026144200000,0.000000000000000,11.994000000000000,0.000493053000000,0.000000000000000,2.958000000000000,0.000025570500000,0.000005431500000,0.000492457000000,0.000025391700000,10.000000000000000,3005.000000000000000
36.000000000000000,1.500000000000000,0.000025384200000,0.000000000000000,12.635999999999999,0.000502471000000,0.000000000000000,2.898000000000000,0.000024765800000,0.000005550710000,0.000501756000000,0.000025391700000,10.000000000000000,3005.000000000000000
36.000000000000000,1.500000000000000,0.000024713700000,0.000000000000000,12.917999999999999,0.000507597000000,0.000000000000000,2.880000000000000,0.000024087800000,0.000005520910000,0.000506882000000,0.000025510900000,10.000000000000000,3005.000000000000000
45.000000000000000,1.500000000000000,0.000022858500000,0.000000000000000,13.470000000000001,0.000496630000000,0.000000000000000,2.964000000000000,0.000022225200000,0.000005319740000,0.000495914000000,0.000025630100000,10.000000000000000,3005.000000000000000
45.000000000000000,1.500000000000000,0.000022307200000,0.000000000000000,13.757999999999999,0.000492219000000,0.000000000000000,2.988000000000000,0.000021666400000,0.000005304840000,0.000491623000000,0.000025630100000,10.000000000000000,3005.000000000000000
45.000000000000000,1.500000000000000,0.000021763300000,0.000000000000000,13.638000000000000,0.000489835000000,0.000000000000000,2.988000000000000,0.000021152300000,0.000005126030000,0.000489119000000,0.000025510900000,10.000000000000000,3005.000000000000000
54.000000000000000,1.500000000000000,0.000021375800000,0.000000000000000,15.215999999999999,0.000419619000000,0.000000000000000,3.480000000000000,0.000020630800000,0.000005610320000,0.000418903000000,0.000025391700000,10.000000000000000,3005.000000000000000
54.000000000000000,1.500000000000000,0.000021219400000,0.000000000000000,16.158000000000001,0.000402214000000,0.000000000000000,3.630000000000000,0.000020384900000,0.000005900890000,0.000401499000000,0.000025391700000,10.000000000000000,3005.000000000000000
54.000000000000000,1.500000000000000,0.000021092700000,0.000000000000000,16.770000000000000,0.000392558000000,0.000000000000000,3.720000000000000,0.000020198600000,0.000006079700000,0.000391843000000,0.000025391700000,10.000000000000000,3005.000000000000000
63.000000000000000,1.500000000000000,0.000017129000000,0.000000000000000,19.056000000000001,0.000269176000000,0.000000000000000,5.514000000000000,0.000016190200000,0.000005587960000,0.000267984000000,0.000025749300000,10.000000000000000,3005.000000000000000
63.000000000000000,1.500000000000000,0.000015787900000,0.000000000000000,23.405999999999999,0.000240208000000,0.000000000000000,6.180000000000000,0.000014491400000,0.000006265970000,0.000238896000000,0.000025749300000,10.000000000000000,3005.000000000000000
63.000000000000000,1.500000000000000,0.000015065100000,0.000000000000000,25.170000000000002,0.000224234000000,0.000000000000000,6.618000000000000,0.000013627200000,0.000006400080000,0.000222803000000,0.000025749300000,10.000000000000000,3005.000000000000000
72.000000000000000,1.500000000000000,0.000013411100000,0.000000000000000,20.910000000000000,0.000064373500000,0.000000000000000,23.730000000000000,0.000012524500000,0.000004783300000,0.000058889600000,0.000025868500000,10.000000000000000,3005.000000000000000
72.000000000000000,1.500000000000000,0.000012338200000,0.000000000000000,22.050000000000001,0.000033617300000,0.000000000000000,50.136000000000003,0.000011436700000,0.000004626840000,0.000021577000000,0.000025749300000,10.000000000000000,3005.000000000000000
72.000000000000000,1.500000000000000,0.000011459100000,0.000000000000000,22.896000000000001,0.000025868500000,0.000000000000000,87.792000000000002,0.000010557500000,0.000004455480000,0.000000953682000,0.000025868500000,10.000000000000000,3005.000000000000000
81.000000000000000,1.500000000000000,0.000015929500000,0.000000000000000,14.664000000000000,0.000192047000000,0.000000000000000,172.157999999999987,0.000015407900000,0.000004030790000,-0.000190259000000,0.000026107000000,10.000000000000000,3005.000000000000000
81.000000000000000,1.500000000000000,0.000018365800000,0.000000000000000,11.220000000000001,0.000234843000000,0.000000000000000,173.562000000000012,0.000018008200000,0.000003568840000,-0.000233532000000,0.000026226200000,10.000000000000000,3005.000000000000000
81.000000000000000,1.500000000000000,0.000019945300000,0.000000000000000,9.407999999999999,0.000258805000000,0.000000000000000,174.174000000000006,0.000019677100000,0.000003255920000,-0.000257613000000,0.000026226200000,10.000000000000000,3005.000000000000000
90.000000000000000,1.500000000000000,0.000024058000000,0.000000000000000,7.896000000000000,0.000455262000000,0.000000000000000,176.693999999999988,0.000023827100000,0.000003300620000,-0.000454666000000,0.000026226200000,10.000000000000000,3005.000000000000000
90.000000000000000,1.500000000000000,0.000024892500000,0.000000000000000,8.327999999999999,0.000499371000000,0.000000000000000,176.975999999999999,0.000024631700000,0.000003606100000,-0.000498775000000,0.000026226200000,10.000000000000000,3005.000000000000000
90.000000000000000,1.500000000000000,0.000025190500000,0.000000000000000,8.369999999999999,0.000523690000000,0.000000000000000,177.120000000000004,0.000024922300000,0.000003665700000,-0.000523213000000,0.000026226200000,10.000000000000000,3005.000000000000000
99.000000000000000,1.500000000000000,0.000026054800000,0.000000000000000,8.682000000000000,0.000711326000000,0.000000000000000,177.870000000000004,0.000025756800000,0.000003926490000,-0.000710968000000,0.000026464600000,10.000000000000000,3005.000000000000000
99.000000000000000,1.500000000000000,0.000025630100000,0.000000000000000,9.821999999999999,0.000753049000000,0.000000000000000,177.972000000000008,0.000025257600000,0.000004366070000,-0.000752691000000,0.000026583800000,10.000000000000000,3005.000000000000000
99.000000000000000,1.500000000000000,0.000025302300000,0.000000000000000,10.686000000000000,0.000776056000000,0.000000000000000,178.026000000000010,0.000024862700000,0.000004686440000,-0.000775699000000,0.000026703000000,10.000000000000000,3005.000000000000000
108.000000000000000,1.500000000000000,0.000024818000000,0.000000000000000,10.116000000000000,0.000931505000000,0.000000000000000,178.355999999999994,0.000024430600000,0.000004358620000,-0.000931267000000,0.000026703000000,10.000000000000000,3005.000000000000000
108.000000000000000,1.500000000000000,0.000024348600000,0.000000000000000,9.948000000000000,0.000965122000000,0.000000000000000,178.409999999999996,0.000023983500000,0.000004202160000,-0.000964884000000,0.000026703000000,10.000000000000000,3005.000000000000000
108.000000000000000,1.500000000000000,0.000024125100000,0.000000000000000,10.055999999999999,0.000983842000000,0.000000000000000,178.433999999999997,0.000023752600000,0.000004209610000,-0.000983484000000,0.000026822200000,10.000000000000000,3005.000000000000000
117.000000000000000,1.500000000000000,0.000023052200000,0.000000000000000,10.770000000000000,0.001095780000000,0.000000000000000,178.590000000000003,0.000022642400000,0.000004306460000,-0.001095540000000,0.000026941400000,10.000000000000000,3005.000000000000000
117.000000000000000,1.500000000000000,0.000022746700000,0.000000000000000,11.202000000000000,0.001119260000000,0.000000000000000,178.614000000000004,0.000022314600000,0.000004418220000,-0.001119030000000,0.000027060600000,10.000000000000000,3005.000000000000000
117.000000000000000,1.500000000000000,0.000022381700000,0.000000000000000,10.986000000000001,0.001132020000000,0.000000000000000,178.632000000000005,0.000021971900000,0.000004261760000,-0.001131900000000,0.000026941400000,10.000000000000000,3005.000000000000000
126.000000000000000,1.500000000000000,0.000021547200000,0.000000000000000,13.596000000000000,0.001185420000000,0.000000000000000,178.710000000000008,0.000020943700000,0.000005066420000,-0.001185310000000,0.000026703000000,10.000000000000000,3005.000000000000000
126.000000000000000,1.500000000000000,0.000020966100000,0.000000000000000,14.202000000000000,0.001195560000000,0.000000000000000,178.716000000000008,0.000020325300000,0.000005140930000,-0.001195320000000,0.000026703000000,10.000000000000000,3005.000000000000000
126.000000000000000,1.500000000000000,0.000020593500000,0.000000000000000,14.526000000000000,0.001201160000000,0.000000000000000,178.716000000000008,0.000019937900000,0.000005163280000,-0.001200920000000,0.000026822200000,10.000000000000000,3005.000000000000000
135.000000000000000,1.500000000000000,0.000019148100000,0.000000000000000,13.157999999999999,0.001191030000000,0.000000000000000,178.710000000000008,0.000018648900000,0.000004358620000,-0.001190790000000,0.000026822200000,10.000000000000000,3005.000000000000000
135.000000000000000,1.500000000000000,0.000018648900000,0.000000000000000,14.106000000000000,0.001186740000000,0.000000000000000,178.704000000000008,0.000018097600000,0.000004544880000,-0.001186500000000,0.000026822200000,10.000000000000000,3005.000000000000000
135.000000000000000,1.500000000000000,0.000018313600000,0.000000000000000,14.646000000000001,0.001184350000000,0.000000000000000,178.704000000000008,0.000017725000000,0.000004626840000,-0.001184230000000,0.000026703000000,10.000000000000000,3005.000000000000000
144.000000000000000,1.500000000000000,0.000016644700000,0.000000000000000,16.236000000000001,0.001111510000000,0.000000000000000,178.626000000000005,0.000015974200000,0.000004649190000,-0.001111280000000,0.000026583800000,10.000000000000000,3005.000000000000000
144.000000000000000,1.500000000000000,0.000015683600000,0.000000000000000,16.338000000000001,0.001093630000000,0.000000000000000,178.602000000000004,0.000015050200000,0.000004410770000,-0.001093400000000,0.000026583800000,10.000000000000000,3005.000000000000000
144.000000000000000,1.500000000000000,0.000015199200000,0.000000000000000,15.821999999999999,0.001083740000000,0.000000000000000,178.590000000000003,0.000014625500000,0.000004142550000,-0.001083500000000,0.000026583800000,10.000000000000000,3005.000000000000000
153.000000000000000,1.500000000000000,0.000013165200000,0.000000000000000,20.484000000000002,0.000955585000000,0.000000000000000,178.391999999999996,0.000012330800000,0.000004604490000,-0.000955228000000,0.000026703000000,10.000000000000000,3005.000000000000000
153.000000000000000,1.500000000000000,0.000012464900000,0.000000000000000,20.015999999999998,0.000925187000000,0.000000000000000,178.343999999999994,0.000011712400000,0.000004261760000,-0.000924949000000,0.000026703000000,10.000000000000000,3005.000000000000000
153.000000000000000,1.500000000000000,0.000011906100000,0.000000000000000,19.661999999999999,0.000908379000000,0.000000000000000,178.319999999999993,0.000011205700000,0.000004000990000,-0.000908140000000,0.000026583800000,10.000000000000000,3005.000000000000000
162.000000000000000,1.500000000000000,0.000011272800000,0.000000000000000,22.757999999999999,0.000737909000000,0.000000000000000,177.948000000000007,0.000010386200000,0.000004358620000,-0.000737552000000,0.000026464600000,10.000000000000000,3005.000000000000000
162.000000000000000,1.500000000000000,0.000011235500000,0.000000000000000,22.596000000000000,0.000698451000000,0.000000000000000,177.840000000000003,0.000010378700000,0.000004313920000,-0.000698093000000,0.000026226200000,10.000000000000000,3005.000000000000000
162.000000000000000,1.500000000000000,0.000010930100000,0.000000000000000,23.268000000000001,0.000676874000000,0.000000000000000,177.774000000000001,0.000010043400000,0.000004313920000,-0.000676516000000,0.000026226200000,10.000000000000000,3005.000000000000000
171.000000000000000,1.500000000000000,0.000011451600000,0.000000000000000,17.550000000000001,0.000480773000000,0.000000000000000,176.867999999999995,0.000010915200000,0.000003449630000,-0.000480177000000,0.000026226200000,10.000000000000000,3005.000000000000000
171.000000000000000,1.500000000000000,0.000011168500000,0.000000000000000,17.352000000000000,0.000436189000000,0.000000000000000,176.556000000000011,0.000010661800000,0.000003330420000,-0.000435593000000,0.000026107000000,10.000000000000000,3005.000000000000000
171.000000000000000,1.500000000000000,0.000011280200000,0.000000000000000,17.388000000000002,0.000411751000000,0.000000000000000,176.364000000000004,0.000010766100000,0.000003367680000,-0.000411035000000,0.000026107000000,10.000000000000000,3005.000000000000000
180.000000000000000,1.500000000000000,0.000006832210000,0.000000000000000,37.787999999999997,0.000214339000000,0.000000000000000,173.087999999999994,0.000005394250000,0.000004179800000,-0.000212909000000,0.000025749300000,10.000000000000000,3005.000000000000000
180.000000000000000,1.500000000000000,0.000005185630000,0.000000000000000,49.326000000000000,0.000170589000000,0.000000000000000,171.300000000000011,0.000003375130000,0.000003926490000,-0.000168682000000,0.000025749300000,10.000000000000000,3005.000000000000000
180.000000000000000,1.500000000000000,0.000004388420000,0.000000000000000,62.033999999999999,0.000146509000000,0.000000000000000,169.806000000000011,0.000002056370000,0.000003874330000,-0.000144244000000,0.000025868500000,10.000000000000000,3005.000000000000000
189.000000000000000,1.500000000000000,0.000004828010000,0.000000000000000,90.396000000000001,0.000047564700000,0.000000000000000,32.490000000000002,-0.000000037253100,0.000004828010000,0.000040173800000,0.000025510900000,10.000000000000000,3005.000000000000000
189.000000000000000,1.500000000000000,0.000004902510000,0.000000000000000,94.914000000000001,0.000084519900000,0.000000000000000,17.603999999999999,-0.000000424685000,0.000004880160000,0.000080585900000,0.000025510900000,10.000000000000000,3005.000000000000000
189.000000000000000,1.500000000000000,0.000005222890000,0.000000000000000,97.769999999999996,0.000106097000000,0.000000000000000,13.956000000000000,-0.000000707809000,0.000005178180000,0.000102878000000,0.000025510900000,10.000000000000000,3005.000000000000000
198.000000000000000,1.500000000000000,0.000007279250000,0.000000000000000,47.898000000000003,0.000256302000000,0.000000000000000,5.700000000000000,0.000004872710000,0.000005394250000,0.000254991000000,0.000025391700000,10.000000000000000,3005.000000000000000
198.000000000000000,1.500000000000000,0.000008925850000,0.000000000000000,40.061999999999998,0.000289084000000,0.000000000000000,5.052000000000000,0.000006832210000,0.000005744430000,0.000287892000000,0.000025391700000,10.000000000000000,3005.000000000000000
198.000000000000000,1.500000000000000,0.000009879530000,0.000000000000000,35.909999999999997,0.000307085000000,0.000000000000000,4.740000000000000,0.000007994530000,0.000005789130000,0.000306012000000,0.000025391700000,10.000000000000000,3005.000000000000000
207.000000000000000,1.500000000000000,0.000013493100000,0.000000000000000,22.716000000000001,0.000411870000000,0.000000000000000,3.516000000000000,0.000012450000000,0.000005207980000,0.000411155000000,0.000025153300000,10.000000000000000,3005.000000000000000
207.000000000000000,1.500000000000000,0.000014416900000,0.000000000000000,20.370000000000001,0.000433924000000,0.000000000000000,3.348000000000000,0.000013515400000,0.000005014270000,0.000433208000000,0.000025272500000,10.000000000000000,3005.000000000000000
207.000000000000000,1.500000000000000,0.000014901200000,0.000000000000000,19.571999999999999,0.000446202000000,0.000000000000000,3.252000000000000,0.000014044400000,0.000004991920000,0.000445487000000,0.000025272500000,10.000000000000000,3005.000000000000000
216.000000000000000,1.500000000000000,0.000017479200000,0.000000000000000,18.102000000000000,0.000494126000000,0.000000000000000,2.952000000000000,0.000016614900000,0.000005431500000,0.000493530000000,0.000025391700000,10.000000000000000,3005.000000000000000
216.000000000000000,1.500000000000000,0.000018038000000,0.000000000000000,17.501999999999999,0.000503186000000,0.000000000000000,2.916000000000000,0.000017203500000,0.000005424050000,0.000502471000000,0.000025510900000,10.000000000000000,3005.000000000000000
216.000000000000000,1.500000000000000,0.000018291300000,0.000000000000000,17.736000000000001,0.000508193000000,0.000000000000000,2.880000000000000,0.000017419600000,0.000005573060000,0.000507478000000,0.000025510900000,10.000000000000000,3005.000000000000000
225.000000000000000,1.500000000000000,0.000019639800000,0.000000000000000,16.841999999999999,0.000496272000000,0.000000000000000,2.928000000000000,0.000018805400000,0.000005692270000,0.000495676000000,0.000025272500000,10.000000000000000,3005.000000000000000
225.000000000000000,1.500000000000000,0.000019945300000,0.000000000000000,16.236000000000001,0.000491861000000,0.000000000000000,2.946000000000000,0.000019155600000,0.000005573060000,0.000491146000000,0.000025153300000,10.000000000000000,3005.000000000000000
225.000000000000000,1.500000000000000,0.000020012400000,0.000000000000000,15.786000000000000,0.000489358000000,0.000000000000000,2.958000000000000,0.000019259900000,0.000005446400000,0.000488643000000,0.000025153300000,10.000000000000000,3005.000000000000000
234.000000000000000,1.500000000000000,0.000021785600000,0.000000000000000,15.798000000000000,0.000418546000000,0.000000000000000,3.516000000000000,0.000020966100000,0.000005930690000,0.000417711000000,0.000025630100000,10.000000000000000,3005.000000000000000
234.000000000000000,1.500000000000000,0.000021979300000,0.000000000000000,15.510000000000000,0.000401022000000,0.000000000000000,3.660000000000000,0.000021182100000,0.000005878540000,0.000400187000000,0.000025510900000,10.000000000000000,3005.000000000000000
234.000000000000000,1.500000000000000,0.000022411500000,0.000000000000000,15.882000000000000,0.000391366000000,0.000000000000000,3.738000000000000,0.000021554600000,0.000006131860000,0.000390531000000,0.000025510900000,10.000000000000000,3005.000000000000000
243.000000000000000,1.500000000000000,0.000019088500000,0.000000000000000,15.804000000000000,0.000268342000000,0.000000000000000,5.484000000000000,0.000018365800000,0.000005193080000,0.000267150000000,0.000025630100000,10.000000000000000,3005.000000000000000
243.000000000000000,1.500000000000000,0.000018060300000,0.000000000000000,17.207999999999998,0.000239492000000,0.000000000000000,6.150000000000000,0.000017255700000,0.000005342100000,0.000238062000000,0.000025630100000,10.000000000000000,3005.000000000000000
243.000000000000000,1.500000000000000,0.000017523900000,0.000000000000000,18.960000000000001,0.000223399000000,0.000000000000000,6.612000000000000,0.000016570200000,0.000005692270000,0.000221969000000,0.000025630100000,10.000000000000000,3005.000000000000000
252.000000000000000,1.500000000000000,0.000014372200000,0.000000000000000,20.442000000000000,0.000065327200000,0.000000000000000,23.166000000000000,0.000013463300000,0.000005014270000,0.000060081700000,0.000025630100000,10.000000000000000,3005.000000000000000
252.000000000000000,1.500000000000000,0.000013567600000,0.000000000000000,19.841999999999999,0.000034332500000,0.000000000000000,48.533999999999999,0.000012762900000,0.000004604490000,0.000022769100000,0.000025749300000,10.000000000000000,3005.000000000000000
252.000000000000000,1.500000000000000,0.000013105600000,0.000000000000000,19.853999999999999,0.000025987700000,0.000000000000000,85.296000000000006,0.000012330800000,0.000004448030000,0.000002026570000,0.000025868500000,10.000000000000000,3005.000000000000000
261.000000000000000,1.500000000000000,0.000017739900000,0.000000000000000,11.310000000000000,0.000189424000000,0.000000000000000,172.038000000000011,0.000017397200000,0.000003479440000,-0.000187756000000,0.000026226200000,10.000000000000000,3005.000000000000000
261.000000000000000,1.500000000000000,0.000019818700000,0.000000000000000,9.624000000000001,0.000232101000000,0.000000000000000,173.484000000000009,0.000019543000000,0.000003308070000,-0.000230671000000,0.000026226200000,10.000000000000000,3005.000000000000000
261.000000000000000,1.500000000000000,0.000020928800000,0.000000000000000,9.276000000000000,0.000255706000000,0.000000000000000,174.108000000000004,0.000020653100000,0.000003367680000,-0.000254514000000,0.000026226200000,10.000000000000000,3005.000000000000000
270.000000000000000,1.500000000000000,0.000023357700000,0.000000000000000,8.928000000000001,0.000451567000000,0.000000000000000,176.645999999999986,0.000023074600000,0.000003621000000,-0.000450851000000,0.000026345400000,10.000000000000000,3005.000000000000000
270.000000000000000,1.500000000000000,0.000023700400000,0.000000000000000,8.651999999999999,0.000495557000000,0.000000000000000,176.945999999999998,0.000023432200000,0.000003561390000,-0.000494841000000,0.000026345400000,10.000000000000000,3005.000000000000000
270.000000000000000,1.500000000000000,0.000023752600000,0.000000000000000,8.634000000000000,0.000519875000000,0.000000000000000,177.096000000000003,0.000023491800000,0.000003561390000,-0.000519279000000,0.000026226200000,10.000000000000000,3005.000000000000000
279.000000000000000,1.500000000000000,0.000023506700000,0.000000000000000,9.792000000000000,0.000707749000000,0.000000000000000,177.840000000000003,0.000023171400000,0.000003993540000,-0.000707392000000,0.000026583800000,10.000000000000000,3005.000000000000000
279.000000000000000,1.500000000000000,0.000022977700000,0.000000000000000,10.752000000000001,0.000749353000000,0.000000000000000,177.954000000000008,0.000022567900000,0.000004284110000,-0.000748996000000,0.000026703000000,10.000000000000000,3005.000000000000000
279.000000000000000,1.500000000000000,0.000022396600000,0.000000000000000,11.292000000000000,0.000772242000000,0.000000000000000,178.020000000000010,0.000021964400000,0.000004380970000,-0.000772003000000,0.000026583800000,10.000000000000000,3005.000000000000000
288.000000000000000,1.500000000000000,0.000022068700000,0.000000000000000,11.478000000000000,0.000928167000000,0.000000000000000,178.343999999999994,0.000021629200000,0.000004388420000,-0.000927929000000,0.000026822200000,10.000000000000000,3005.000000000000000
288.000000000000000,1.500000000000000,0.000021532300000,0.000000000000000,11.664000000000000,0.000962023000000,0.000000000000000,178.397999999999996,0.000021085300000,0.000004351170000,-0.000961784000000,0.000026822200000,10.000000000000000,3005.000000000000000
288.000000000000000,1.500000000000000,0.000021226800000,0.000000000000000,12.071999999999999,0.000980742000000,0.000000000000000,178.421999999999997,0.000020764900000,0.000004433120000,-0.000980504000000,0.000026941400000,10.000000000000000,3005.000000000000000
297.000000000000000,1.500000000000000,0.000022046400000,0.000000000000000,12.023999999999999,0.001093280000000,0.000000000000000,178.590000000000003,0.000021562100000,0.000004589590000,-0.001093040000000,0.000026822200000,10.000000000000000,3005.000000000000000
297.000000000000000,1.500000000000000,0.000021979300000,0.000000000000000,11.346000000000000,0.001117000000000,0.000000000000000,178.614000000000004,0.000021554600000,0.000004321370000,-0.001116760000000,0.000026941400000,10.000000000000000,3005.000000000000000
297.000000000000000,1.500000000000000,0.000021845200000,0.000000000000000,11.154000000000000,0.001130110000000,0.000000000000000,178.632000000000005,0.000021428000000,0.000004224510000,-0.001129870000000,0.000026941400000,10.000000000000000,3005.000000000000000
306.000000000000000,1.500000000000000,0.000023111800000,0.000000000000000,10.422000000000001,0.001185540000000,0.000000000000000,178.698000000000007,0.000022731800000,0.000004179800000,-0.001185310000000,0.000026941400000,10.000000000000000,3005.000000000000000
306.000000000000000,1.500000000000000,0.000023923900000,0.000000000000000,10.254000000000000,0.001196150000000,0.000000000000000,178.710000000000008,0.000023544000000,0.000004254310000,-0.001196030000000,0.000026941400000,10.000000000000000,3005.000000000000000
306.000000000000000,1.500000000000000,0.000024467800000,0.000000000000000,9.942000000000000,0.001201990000000,0.000000000000000,178.716000000000008,0.000024102700000,0.000004224510000,-0.001201760000000,0.000026822200000,10.000000000000000,3005.000000000000000
315.000000000000000,1.500000000000000,0.000026397500000,0.000000000000000,9.696000000000000,0.001194370000000,0.000000000000000,178.704000000000008,0.000026017500000,0.000004440580000,-0.001194130000000,0.000026941400000,10.000000000000000,3005.000000000000000
315.000000000000000,1.500000000000000,0.000027157500000,0.000000000000000,9.906000000000001,0.001190670000000,0.000000000000000,178.704000000000008,0.000026747700000,0.000004671540000,-0.001190430000000,0.000026822200000,10.000000000000000,3005.000000000000000
315.000000000000000,1.500000000000000,0.000027373500000,0.000000000000000,10.212000000000000,0.001188640000000,0.000000000000000,178.698000000000007,0.000026941400000,0.000004850360000,-0.001188400000000,0.000026941400000,10.000000000000000,3005.000000000000000
324.000000000000000,1.500000000000000,0.000028714700000,0.000000000000000,8.532000000000000,0.001118310000000,0.000000000000000,178.626000000000005,0.000028394300000,0.000004254310000,-0.001118070000000,0.000026822200000,10.000000000000000,3005.000000000000000
324.000000000000000,1.500000000000000,0.000029385200000,0.000000000000000,8.375999999999999,0.001100790000000,0.000000000000000,178.602000000000004,0.000029072300000,0.000004276660000,-0.001100550000000,0.000026822200000,10.000000000000000,3005.000000000000000
324.000000000000000,1.500000000000000,0.000029824800000,0.000000000000000,7.836000000000000,0.001091250000000,0.000000000000000,178.590000000000003,0.000029549100000,0.000004060600000,-0.001091010000000,0.000026703000000,10.000000000000000,3005.000000000000000
333.000000000000000,1.500000000000000,0.000031844000000,0.000000000000000,6.648000000000000,0.000964765000000,0.000000000000000,178.421999999999997,0.000031627900000,0.000003680600000,-0.000964526000000,0.000026464600000,10.000000000000000,3005.000000000000000
333.000000000000000,1.500000000000000,0.000032715700000,0.000000000000000,6.786000000000000,0.000935081000000,0.000000000000000,178.379999999999995,0.000032484800000,0.000003859430000,-0.000934843000000,0.000026345400000,10.000000000000000,3005.000000000000000
333.000000000000000,1.500000000000000,0.000033326700000,0.000000000000000,7.068000000000000,0.000918511000000,0.000000000000000,178.355999999999994,0.000033073400000,0.000004097850000,-0.000918273000000,0.000026345400000,10.000000000000000,3005.000000000000000
342.000000000000000,1.500000000000000,0.000036284600000,0.000000000000000,6.732000000000000,0.000749353000000,0.000000000000000,177.972000000000008,0.000036031200000,0.000004246860000,-0.000748996000000,0.000026464600000,10.000000000000000,3005.000000000000000
342.000000000000000,1.500000000000000,0.000036992400000,0.000000000000000,5.970000000000000,0.000710491000000,0.000000000000000,177.864000000000004,0.000036791200000,0.000003844530000,-0.000710253000000,0.000026464600000,10.000000000000000,3005.000000000000000
342.000000000000000,1.500000000000000,0.000037044500000,0.000000000000000,5.556000000000000,0.000689272000000,0.000000000000000,177.798000000000002,0.000036873200000,0.000003583740000,-0.000688795000000,0.000026464600000,10.000000000000000,3005.000000000000000
351.000000000000000,1.500000000000000,0.000038631500000,0.000000000000000,5.544000000000000,0.000492934000000,0.000000000000000,176.945999999999998,0.000038452700000,0.000003732760000,-0.000492338000000,0.000026226200000,10.000000000000000,3005.000000000000000
351.000000000000000,1.500000000000000,0.000039123200000,0.000000000000000,5.034000000000000,0.000448348000000,0.000000000000000,176.639999999999986,0.000038966800000,0.000003427280000,-0.000447633000000,0.000026226200000,10.000000000000000,3005.000000000000000
351.000000000000000,1.500000000000000,0.000039451100000,0.000000000000000,4.806000000000000,0.000423672000000,0.000000000000000,176.448000000000007,0.000039316900000,0.000003300620000,-0.000422956000000,0.000026226200000,10.000000000000000,3005.000000000000000
360.000000000000000,1.500000000000000,0.000034325100000,0.000000000000000,5.190000000000000,0.000225426000000,0.000000000000000,173.364000000000004,0.000034190900000,0.000003099460000,-0.000223995000000,0.000025987700000,10.000000000000000,3005.000000000000000
360.000000000000000,1.500000000000000,0.000031896200000,0.000000000000000,5.622000000000000,0.000181437000000,0.000000000000000,171.744000000000000,0.000031739700000,0.000003121810000,-0.000179769000000,0.000025987700000,10.000000000000000,3005.000000000000000
360.000000000000000,1.500000000000000,0.000030271800000,0.000000000000000,6.030000000000000,0.000157357000000,0.000000000000000,170.442000000000007,0.000030107900000,0.000003173960000,-0.000155331000000,0.000025987700000,10.000000000000000,3005.000000000000000
0.000000000000000,1.000000000000000,0.000044457800000,0.000000000000000,5.844000000000000,0.000055909400000,0.000000000000000,27.539999999999999,0.000044226900000,0.000004522530000,0.000049591300000,0.000025749300000,10.000000000000000,3005.000000000000000
0.000000000000000,1.000000000000000,0.000035368100000,0.000000000000000,8.058000000000000,0.000086546400000,0.000000000000000,17.321999999999999,0.000035018000000,0.000004954670000,0.000082612500000,0.000025749300000,10.000000000000000,3005.000000000000000
0.000000000000000,1.000000000000000,0.000031262900000,0.000000000000000,9.720000000000001,0.000104905000000,0.000000000000000,14.220000000000001,0.000030815800000,0.000005275040000,0.000101686000000,0.000025749300000,10.000000000000000,3005.000000000000000
9.000000000000000,1.000000000000000,0.000029243600000,0.000000000000000,9.960000000000001,0.000252845000000,0.000000000000000,5.778000000000000,0.000028804100000,0.000005058970000,0.000251533000000,0.000025391700000,10.000000000000000,3005.000000000000000
9.000000000000000,1.000000000000000,0.000030115400000,0.000000000000000,10.571999999999999,0.000285627000000,0.000000000000000,5.118000000000000,0.000029601300000,0.000005520910000,0.000284435000000,0.000025391700000,10.000000000000000,3005.000000000000000
9.000000000000000,1.000000000000000,0.000030704100000,0.000000000000000,10.584000000000000,0.000303509000000,0.000000000000000,4.824000000000000,0.000030182400000,0.000005632670000,0.000302436000000,0.000025510900000,10.000000000000000,3005.000000000000000
18.000000000000000,1.000000000000000,0.000030070700000,0.000000000000000,10.566000000000001,0.000409367000000,0.000000000000000,3.582000000000000,0.000029564000000,0.000005506010000,0.000408532000000,0.000025510900000,10.000000000000000,3005.000000000000000
18.000000000000000,1.000000000000000,0.000029437400000,0.000000000000000,10.554000000000000,0.000431420000000,0.000000000000000,3.390000000000000,0.000028938200000,0.000005386800000,0.000430705000000,0.000025510900000,10.000000000000000,3005.000000000000000
18.000000000000000,1.000000000000000,0.000028811500000,0.000000000000000,10.866000000000000,0.000443699000000,0.000000000000000,3.288000000000000,0.000028297400000,0.000005431500000,0.000442864000000,0.000025391700000,10.000000000000000,3005.000000000000000
27.000000000000000,1.000000000000000,0.000026837100000,0.000000000000000,12.738000000000000,0.000492219000000,0.000000000000000,2.970000000000000,0.000026174000000,0.000005915790000,0.000491623000000,0.000025510900000,10.000000000000000,3005.000000000000000
27.000000000000000,1.000000000000000,0.000025585400000,0.000000000000000,12.858000000000001,0.000501279000000,0.000000000000000,2.928000000000000,0.000024944700000,0.000005692270000,0.000500683000000,0.000025510900000,10.000000000000000,3005.000000000000000
27.000000000000000,1.000000000000000,0.000024788200000,0.000000000000000,12.756000000000000,0.000506286000000,0.000000000000000,2.892000000000000,0.000024177300000,0.000005468760000,0.000505570000000,0.000025510900000,10.000000000000000,3005.000000000000000
36.000000000000000,1.000000000000000,0.000022754200000,0.000000000000000,11.507999999999999,0.000494484000000,0.000000000000000,2.946000000000000,0.000022292300000,0.000004537430000,0.000493769000000,0.000025391700000,10.000000000000000,3005.000000000000000
36.000000000000000,1.000000000000000,0.000022135800000,0.000000000000000,12.240000000000000,0.000490073000000,0.000000000000000,2.970000000000000,0.000021636600000,0.000004686440000,0.000489358000000,0.000025391700000,10.000000000000000,3005.000000000000000
36.000000000000000,1.000000000000000,0.000021286400000,0.000000000000000,13.673999999999999,0.000487687000000,0.000000000000000,2.994000000000000,0.000020682900000,0.000005029170000,0.000486972000000,0.000025391700000,10.000000000000000,3005.000000000000000
45.000000000000000,1.000000000000000,0.000019505700000,0.000000000000000,17.334000000000000,0.000418188000000,0.000000000000000,3.510000000000000,0.000018619100000,0.000005811480000,0.000417354000000,0.000025510900000,10.000000000000000,3005.000000000000000
45.000000000000000,1.000000000000000,0.000019267300000,0.000000000000000,17.286000000000001,0.000401022000000,0.000000000000000,3.648000000000000,0.000018395600000,0.000005722080000,0.000400187000000,0.000025510900000,10.000000000000000,3005.000000000000000
45.000000000000000,1.000000000000000,0.000019207700000,0.000000000000000,16.800000000000001,0.000391485000000,0.000000000000000,3.738000000000000,0.000018388100000,0.000005550710000,0.000390531000000,0.000025510900000,10.000000000000000,3005.000000000000000
54.000000000000000,1.000000000000000,0.000015877300000,0.000000000000000,18.707999999999998,0.000268938000000,0.000000000000000,5.472000000000000,0.000015035300000,0.000005088780000,0.000267746000000,0.000025630100000,10.000000000000000,3005.000000000000000
54.000000000000000,1.000000000000000,0.000014312600000,0.000000000000000,20.297999999999998,0.000240208000000,0.000000000000000,6.144000000000000,0.000013426000000,0.000004962120000,0.000238896000000,0.000025630100000,10.000000000000000,3005.000000000000000
54.000000000000000,1.000000000000000,0.000013381300000,0.000000000000000,20.916000000000000,0.000224353000000,0.000000000000000,6.582000000000000,0.000012502100000,0.000004775850000,0.000222922000000,0.000025630100000,10.000000000000000,3005.000000000000000
63.000000000000000,1.000000000000000,0.000011496300000,0.000000000000000,28.643999999999998,0.000066042400000,0.000000000000000,22.896000000000001,0.000010088100000,0.000005506010000,0.000060916200000,0.000025630100000,10.000000000000000,3005.000000000000000
63.000000000000000,1.000000000000000,0.000010825800000,0.000000000000000,26.783999999999999,0.000035047800000,0.000000000000000,47.231999999999999,0.000009663460000,0.000004872710000,0.000023722800000,0.000025630100000,10.000000000000000,3005.000000000000000
63.000000000000000,1.000000000000000,0.000010311700000,0.000000000000000,25.422000000000001,0.000025987700000,0.000000000000000,82.950000000000003,0.000009305830000,0.000004425670000,0.000003099460000,0.000025749300000,10.000000000000000,3005.000000000000000
72.000000000000000,1.000000000000000,0.000016056100000,0.000000000000000,13.686000000000000,0.000188232000000,0.000000000000000,172.026000000000010,0.000015601600000,0.000003799810000,-0.000186563000000,0.000026107000000,10.000000000000000,3005.000000000000000
72.000000000000000,1.000000000000000,0.000018432900000,0.000000000000000,10.391999999999999,0.000230909000000,0.000000000000000,173.502000000000009,0.000018134800000,0.000003322970000,-0.000229598000000,0.000026107000000,10.000000000000000,3005.000000000000000
72.000000000000000,1.000000000000000,0.000020094300000,0.000000000000000,9.023999999999999,0.000254514000000,0.000000000000000,174.108000000000004,0.000019848500000,0.000003151610000,-0.000253322000000,0.000026107000000,10.000000000000000,3005.000000000000000
81.000000000000000,1.000000000000000,0.000024058000000,0.000000000000000,7.416000000000000,0.000450136000000,0.000000000000000,176.669999999999987,0.000023856900000,0.000003099460000,-0.000449540000000,0.000026107000000,10.000000000000000,3005.000000000000000
81.000000000000000,1.000000000000000,0.000025212900000,0.000000000000000,7.608000000000000,0.000493888000000,0.000000000000000,176.933999999999997,0.000024996800000,0.000003337870000,-0.000493292000000,0.000026345400000,10.000000000000000,3005.000000000000000
81.000000000000000,1.000000000000000,0.000025928100000,0.000000000000000,7.668000000000000,0.000517968000000,0.000000000000000,177.060000000000002,0.000025697200000,0.000003457080000,-0.000517372000000,0.000026583800000,10.000000000000000,3005.000000000000000
90.000000000000000,1.000000000000000,0.000026233600000,0.000000000000000,8.826000000000001,0.000705961000000,0.000000000000000,177.828000000000003,0.000025920700000,0.000004023340000,-0.000705604000000,0.000026703000000,10.000000000000000,3005.000000000000000
90.000000000000000,1.000000000000000,0.000026323000000,0.000000000000000,8.766000000000000,0.000747446000000,0.000000000000000,177.948000000000007,0.000026017500000,0.000004008440000,-0.000747088000000,0.000026703000000,10.000000000000000,3005.000000000000000
90.000000000000000,1.000000000000000,0.000026486900000,0.000000000000000,8.976000000000001,0.000770334000000,0.000000000000000,178.014000000000010,0.000026159100000,0.000004127650000,-0.000769977000000,0.000026703000000,10.000000000000000,3005.000000000000000
99.000000000000000,1.000000000000000,0.000026613600000,0.000000000000000,8.670000000000000,0.000926618000000,0.000000000000000,178.355999999999994,0.000026308100000,0.000004008440000,-0.000926379000000,0.000026583800000,10.000000000000000,3005.000000000000000
99.000000000000000,1.000000000000000,0.000026010100000,0.000000000000000,9.426000000000000,0.000960592000000,0.000000000000000,178.403999999999996,0.000025652500000,0.000004254310000,-0.000960235000000,0.000026703000000,10.000000000000000,3005.000000000000000
99.000000000000000,1.000000000000000,0.000025674800000,0.000000000000000,10.109999999999999,0.000979193000000,0.000000000000000,178.427999999999997,0.000025272500000,0.000004500180000,-0.000978954000000,0.000026822200000,10.000000000000000,3005.000000000000000
108.000000000000000,1.000000000000000,0.000024885100000,0.000000000000000,11.022000000000000,0.001092080000000,0.000000000000000,178.590000000000003,0.000024430600000,0.000004753500000,-0.001091850000000,0.000026822200000,10.000000000000000,3005.000000000000000
108.000000000000000,1.000000000000000,0.000024303900000,0.000000000000000,10.698000000000000,0.001115930000000,0.000000000000000,178.620000000000004,0.000023879200000,0.000004507630000,-0.001115690000000,0.000026822200000,10.000000000000000,3005.000000000000000
108.000000000000000,1.000000000000000,0.000023685500000,0.000000000000000,10.128000000000000,0.001129040000000,0.000000000000000,178.632000000000005,0.000023313000000,0.000004164900000,-0.001128800000000,0.000026822200000,10.000000000000000,3005.000000000000000
117.000000000000000,1.000000000000000,0.000022567900000,0.000000000000000,12.852000000000000,0.001183520000000,0.000000000000000,178.692000000000007,0.000022001700000,0.000005014270000,-0.001183280000000,0.000027060600000,10.000000000000000,3005.000000000000000
117.000000000000000,1.000000000000000,0.000021606800000,0.000000000000000,13.866000000000000,0.001193890000000,0.000000000000000,178.704000000000008,0.000020981000000,0.000005178180000,-0.001193770000000,0.000027060600000,10.000000000000000,3005.000000000000000
117.000000000000000,1.000000000000000,0.000020884100000,0.000000000000000,14.016000000000000,0.001199610000000,0.000000000000000,178.704000000000008,0.000020265700000,0.000005058970000,-0.001199490000000,0.000027060600000,10.000000000000000,3005.000000000000000
126.000000000000000,1.000000000000000,0.000019774000000,0.000000000000000,13.907999999999999,0.001189950000000,0.000000000000000,178.704000000000008,0.000019192800000,0.000004746050000,-0.001189720000000,0.000026822200000,10.000000000000000,3005.000000000000000
126.000000000000000,1.000000000000000,0.000018641500000,0.000000000000000,14.346000000000000,0.001185660000000,0.000000000000000,178.704000000000008,0.000018060300000,0.000004619390000,-0.001185420000000,0.000026822200000,10.000000000000000,3005.000000000000000
126.000000000000000,1.000000000000000,0.000017732500000,0.000000000000000,15.342000000000001,0.001183400000000,0.000000000000000,178.698000000000007,0.000017099200000,0.000004686440000,-0.001183160000000,0.000026822200000,10.000000000000000,3005.000000000000000
135.000000000000000,1.000000000000000,0.000014983200000,0.000000000000000,15.821999999999999,0.001111280000000,0.000000000000000,178.614000000000004,0.000014416900000,0.000004082950000,-0.001111040000000,0.000026822200000,10.000000000000000,3005.000000000000000
135.000000000000000,1.000000000000000,0.000013813400000,0.000000000000000,17.141999999999999,0.001093280000000,0.000000000000000,178.596000000000003,0.000013202500000,0.000004068050000,-0.001093040000000,0.000026703000000,10.000000000000000,3005.000000000000000
135.000000000000000,1.000000000000000,0.000013060900000,0.000000000000000,18.102000000000000,0.001083380000000,0.000000000000000,178.584000000000003,0.000012412700000,0.000004053140000,-0.001083140000000,0.000026703000000,10.000000000000000,3005.000000000000000
144.000000000000000,1.000000000000000,0.000010222300000,0.000000000000000,26.196000000000001,0.000954155000000,0.000000000000000,178.415999999999997,0.000009171720000,0.000004507630000,-0.000953916000000,0.000026345400000,10.000000000000000,3005.000000000000000
144.000000000000000,1.000000000000000,0.000009685810000,0.000000000000000,27.707999999999998,0.000923757000000,0.000000000000000,178.355999999999994,0.000008575680000,0.000004500180000,-0.000923518000000,0.000026464600000,10.000000000000000,3005.000000000000000
144.000000000000000,1.000000000000000,0.000009320730000,0.000000000000000,28.980000000000000,0.000906829000000,0.000000000000000,178.325999999999993,0.000008158440000,0.000004515080000,-0.000906590000000,0.000026464600000,10.000000000000000,3005.000000000000000
153.000000000000000,1.000000000000000,0.000007525120000,0.000000000000000,33.366000000000000,0.000735525000000,0.000000000000000,177.930000000000007,0.000006280870000,0.000004135100000,-0.000735167000000,0.000026583800000,10.000000000000000,3005.000000000000000
153.000000000000000,1.000000000000000,0.000006914170000,0.000000000000000,34.914000000000001,0.000696067000000,0.000000000000000,177.816000000000002,0.000005669920000,0.000003956290000,-0.000695709000000,0.000026464600000,10.000000000000000,3005.000000000000000
153.000000000000000,1.000000000000000,0.000006645950000,0.000000000000000,36.479999999999997,0.000674132000000,0.000000000000000,177.750000000000000,0.000005342100000,0.000003948840000,-0.000673775000000,0.000026464600000,10.000000000000000,3005.000000000000000
162.000000000000000,1.000000000000000,0.000005923240000,0.000000000000000,33.618000000000002,0.000477435000000,0.000000000000000,176.867999999999995,0.000004932310000,0.000003278270000,-0.000476720000000,0.000025987700000,10.000000000000000,3005.000000000000000
162.000000000000000,1.000000000000000,0.000005975390000,0.000000000000000,30.198000000000000,0.000432612000000,0.000000000000000,176.544000000000011,0.000005163280000,0.000003002600000,-0.000431897000000,0.000025987700000,10.000000000000000,3005.000000000000000
162.000000000000000,1.000000000000000,0.000006139310000,0.000000000000000,27.372000000000000,0.000407936000000,0.000000000000000,176.334000000000003,0.000005453850000,0.000002823780000,-0.000407221000000,0.000025987700000,10.000000000000000,3005.000000000000000
171.000000000000000,1.000000000000000,0.000003449630000,0.000000000000000,77.412000000000006,0.000209928000000,0.000000000000000,172.925999999999988,0.000000752512000,0.000003367680000,-0.000208498000000,0.000025749300000,10.000000000000000,3005.000000000000000
171.000000000000000,1.000000000000000,0.000003881780000,0.000000000000000,114.191999999999993,0.000166059000000,0.000000000000000,171.042000000000001,-0.000001594430000,0.000003546490000,-0.000164152000000,0.000025749300000,10.000000000000000,3005.000000000000000
171.000000000000000,1.000000000000000,0.000004760950000,0.000000000000000,128.921999999999997,0.000142098000000,0.000000000000000,169.487999999999999,-0.000002995150000,0.000003702950000,-0.000139833000000,0.000025868500000,10.000000000000000,3005.000000000000000
180.000000000000000,1.000000000000000,0.000006899270000,0.000000000000000,134.801999999999992,0.000050545000000,0.000000000000000,30.384000000000000,-0.000004872710000,0.000004895060000,0.000043630800000,0.000025510900000,10.000000000000000,3005.000000000000000
180.000000000000000,1.000000000000000,0.000007361200000,0.000000000000000,134.562000000000012,0.000087976900000,0.000000000000000,16.902000000000001,-0.000005170730000,0.000005245240000,0.000084162200000,0.000025510900000,10.000000000000000,3005.000000000000000
180.000000000000000,1.000000000000000,0.000007405910000,0.000000000000000,135.258000000000010,0.000109673000000,0.000000000000000,13.488000000000000,-0.000005267590000,0.000005215440000,0.000106693000000,0.000025510900000,10.000000000000000,3005.000000000000000
189.000000000000000,1.000000000000000,0.000006161660000,0.000000000000000,76.745999999999995,0.000258924000000,0.000000000000000,5.658000000000000,0.000001408170000,0.000005997750000,0.000257613000000,0.000025510900000,10.000000000000000,3005.000000000000000
189.000000000000000,1.000000000000000,0.000007145140000,0.000000000000000,55.067999999999998,0.000291349000000,0.000000000000000,5.040000000000000,0.000004090400000,0.000005856190000,0.000290276000000,0.000025510900000,10.000000000000000,3005.000000000000000
189.000000000000000,1.000000000000000,0.000007867870000,0.000000000000000,47.159999999999997,0.000309350000000,0.000000000000000,4.734000000000000,0.000005349550000,0.000005766780000,0.000308277000000,0.000025510900000,10.000000000000000,3005.000000000000000
198.000000000000000,1.000000000000000,0.000012174300000,0.000000000000000,28.289999999999999,0.000413062000000,0.000000000000000,3.522000000000000,0.000010721400000,0.000005766780000,0.000412228000000,0.000025391700000,10.000000000000000,3005.000000000000000
198.000000000000000,1.000000000000000,0.000013120500000,0.000000000000000,25.512000000000000,0.000434758000000,0.000000000000000,3.366000000000000,0.000011839000000,0.000005647570000,0.000433924000000,0.000025510900000,10.000000000000000,3005.000000000000000
198.000000000000000,1.000000000000000,0.000013388800000,0.000000000000000,23.556000000000001,0.000446560000000,0.000000000000000,3.276000000000000,0.000012278600000,0.000005349550000,0.000445845000000,0.000025510900000,10.000000000000000,3005.000000000000000
207.000000000000000,1.000000000000000,0.000017143900000,0.000000000000000,18.216000000000001,0.000493411000000,0.000000000000000,2.958000000000000,0.000016279600000,0.000005357000000,0.000492815000000,0.000025391700000,10.000000000000000,3005.000000000000000
207.000000000000000,1.000000000000000,0.000017367400000,0.000000000000000,17.280000000000001,0.000502232000000,0.000000000000000,2.904000000000000,0.000016585100000,0.000005155830000,0.000501636000000,0.000025391700000,10.000000000000000,3005.000000000000000
207.000000000000000,1.000000000000000,0.000017300400000,0.000000000000000,17.117999999999999,0.000507001000000,0.000000000000000,2.874000000000000,0.000016533000000,0.000005088780000,0.000506405000000,0.000025391700000,10.000000000000000,3005.000000000000000
216.000000000000000,1.000000000000000,0.000020034700000,0.000000000000000,15.510000000000000,0.000494722000000,0.000000000000000,2.934000000000000,0.000019312000000,0.000005357000000,0.000494007000000,0.000025272500000,10.000000000000000,3005.000000000000000
216.000000000000000,1.000000000000000,0.000020846800000,0.000000000000000,15.576000000000000,0.000490192000000,0.000000000000000,2.970000000000000,0.000020079400000,0.000005595420000,0.000489596000000,0.000025391700000,10.000000000000000,3005.000000000000000
216.000000000000000,1.000000000000000,0.000021316200000,0.000000000000000,15.192000000000000,0.000487687000000,0.000000000000000,3.000000000000000,0.000020571200000,0.000005580510000,0.000486972000000,0.000025510900000,10.000000000000000,3005.000000000000000
225.000000000000000,1.000000000000000,0.000022232600000,0.000000000000000,13.962000000000000,0.000417354000000,0.000000000000000,3.522000000000000,0.000021577000000,0.000005364450000,0.000416638000000,0.000025630100000,10.000000000000000,3005.000000000000000
225.000000000000000,1.000000000000000,0.000022411500000,0.000000000000000,13.872000000000000,0.000399949000000,0.000000000000000,3.660000000000000,0.000021755800000,0.000005371900000,0.000399234000000,0.000025510900000,10.000000000000000,3005.000000000000000
225.000000000000000,1.000000000000000,0.000022702000000,0.000000000000000,14.694000000000001,0.000390293000000,0.000000000000000,3.744000000000000,0.000021964400000,0.000005759330000,0.000389459000000,0.000025391700000,10.000000000000000,3005.000000000000000
234.000000000000000,1.000000000000000,0.000021033100000,0.000000000000000,16.890000000000001,0.000268461000000,0.000000000000000,5.472000000000000,0.000020131600000,0.000006109510000,0.000267269000000,0.000025510900000,10.000000000000000,3005.000000000000000
234.000000000000000,1.000000000000000,0.000019811200000,0.000000000000000,18.318000000000001,0.000239850000000,0.000000000000000,6.156000000000000,0.000018805400000,0.000006221260000,0.000238420000000,0.000025630100000,10.000000000000000,3005.000000000000000
234.000000000000000,1.000000000000000,0.000018991600000,0.000000000000000,18.270000000000000,0.000223995000000,0.000000000000000,6.612000000000000,0.000018030500000,0.000005953040000,0.000222565000000,0.000025749300000,10.000000000000000,3005.000000000000000
243.000000000000000,1.000000000000000,0.000016190200000,0.000000000000000,18.161999999999999,0.000067115300000,0.000000000000000,22.770000000000000,0.000015385600000,0.000005044070000,0.000061870100000,0.000025987700000,10.000000000000000,3005.000000000000000
243.000000000000000,1.000000000000000,0.000015132200000,0.000000000000000,18.504000000000001,0.000035882200000,0.000000000000000,46.277999999999999,0.000014357300000,0.000004805650000,0.000024795600000,0.000025987700000,10.000000000000000,3005.000000000000000
243.000000000000000,1.000000000000000,0.000014484000000,0.000000000000000,18.623999999999999,0.000026464600000,0.000000000000000,80.298000000000002,0.000013724000000,0.000004619390000,0.000004410770000,0.000025987700000,10.000000000000000,3005.000000000000000
252.000000000000000,1.000000000000000,0.000018388100000,0.000000000000000,10.884000000000000,0.000185014000000,0.000000000000000,171.882000000000005,0.000018052900000,0.000003471990000,-0.000183345000000,0.000026107000000,10.000000000000000,3005.000000000000000
252.000000000000000,1.000000000000000,0.000020183700000,0.000000000000000,9.366000000000000,0.000227452000000,0.000000000000000,173.370000000000004,0.000019915500000,0.000003285720000,-0.000226022000000,0.000026226200000,10.000000000000000,3005.000000000000000
252.000000000000000,1.000000000000000,0.000021189600000,0.000000000000000,8.724000000000000,0.000250937000000,0.000000000000000,173.981999999999999,0.000020943700000,0.000003211210000,-0.000249745000000,0.000026226200000,10.000000000000000,3005.000000000000000
261.000000000000000,1.000000000000000,0.000023126700000,0.000000000000000,7.698000000000000,0.000445964000000,0.000000000000000,176.604000000000013,0.000022925600000,0.000003099460000,-0.000445249000000,0.000026345400000,10.000000000000000,3005.000000000000000
261.000000000000000,1.000000000000000,0.000023216100000,0.000000000000000,8.388000000000000,0.000489835000000,0.000000000000000,176.909999999999996,0.000022970300000,0.000003382580000,-0.000489239000000,0.000026345400000,10.000000000000000,3005.000000000000000
261.000000000000000,1.000000000000000,0.000023238500000,0.000000000000000,8.676000000000000,0.000514034000000,0.000000000000000,177.042000000000001,0.000022977700000,0.000003501790000,-0.000513438000000,0.000026464600000,10.000000000000000,3005.000000000000000
270.000000000000000,1.000000000000000,0.000022456200000,0.000000000000000,10.949999999999999,0.000701908000000,0.000000000000000,177.816000000000002,0.000022046400000,0.000004261760000,-0.000701431000000,0.000026703000000,10.000000000000000,3005.000000000000000
270.000000000000000,1.000000000000000,0.000021718600000,0.000000000000000,11.580000000000000,0.000743512000000,0.000000000000000,177.948000000000007,0.000021279000000,0.000004358620000,-0.000743154000000,0.000026583800000,10.000000000000000,3005.000000000000000
270.000000000000000,1.000000000000000,0.000021383300000,0.000000000000000,11.580000000000000,0.000766400000000,0.000000000000000,178.008000000000010,0.000020951100000,0.000004291560000,-0.000766043000000,0.000026583800000,10.000000000000000,3005.000000000000000
279.000000000000000,1.000000000000000,0.000021062900000,0.000000000000000,12.630000000000001,0.000922564000000,0.000000000000000,178.343999999999994,0.000020556300000,0.000004604490000,-0.000922326000000,0.000026583800000,10.000000000000000,3005.000000000000000
279.000000000000000,1.000000000000000,0.000020831900000,0.000000000000000,12.996000000000000,0.000956539000000,0.000000000000000,178.391999999999996,0.000020302900000,0.000004686440000,-0.000956301000000,0.000026703000000,10.000000000000000,3005.000000000000000
279.000000000000000,1.000000000000000,0.000020489200000,0.000000000000000,13.242000000000001,0.000975255000000,0.000000000000000,178.415999999999997,0.000019945300000,0.000004686440000,-0.000975017000000,0.000026822200000,10.000000000000000,3005.000000000000000
288.000000000000000,1.000000000000000,0.000020452000000,0.000000000000000,13.224000000000000,0.001089100000000,0.000000000000000,178.584000000000003,0.000019908100000,0.000004678990000,-0.001088870000000,0.000026703000000,10.000000000000000,3005.000000000000000
288.000000000000000,1.000000000000000,0.000020653100000,0.000000000000000,12.654000000000000,0.001112950000000,0.000000000000000,178.620000000000004,0.000020153900000,0.000004522530000,-0.001112710000000,0.000026822200000,10.000000000000000,3005.000000000000000
288.000000000000000,1.000000000000000,0.000020325300000,0.000000000000000,12.023999999999999,0.001126180000000,0.000000000000000,178.632000000000005,0.000019878300000,0.000004231960000,-0.001125940000000,0.000026822200000,10.000000000000000,3005.000000000000000
297.000000000000000,1.000000000000000,0.000023007500000,0.000000000000000,12.480000000000000,0.001182920000000,0.000000000000000,178.686000000000007,0.000022463600000,0.000004969570000,-0.001182680000000,0.000027060600000,10.000000000000000,3005.000000000000000
297.000000000000000,1.000000000000000,0.000023730200000,0.000000000000000,11.670000000000000,0.001193770000000,0.000000000000000,178.698000000000007,0.000023238500000,0.000004798200000,-0.001193530000000,0.000027060600000,10.000000000000000,3005.000000000000000
297.000000000000000,1.000000000000000,0.000023953700000,0.000000000000000,10.956000000000000,0.001199850000000,0.000000000000000,178.704000000000008,0.000023514100000,0.000004552330000,-0.001199610000000,0.000027060600000,10.000000000000000,3005.000000000000000
306.000000000000000,1.000000000000000,0.000026300700000,0.000000000000000,9.582000000000001,0.001192460000000,0.000000000000000,178.704000000000008,0.000025935600000,0.000004373520000,-0.001192220000000,0.000026822200000,10.000000000000000,3005.000000000000000
306.000000000000000,1.000000000000000,0.000027187300000,0.000000000000000,9.894000000000000,0.001189000000000,0.000000000000000,178.704000000000008,0.000026785000000,0.000004671540000,-0.001188760000000,0.000026822200000,10.000000000000000,3005.000000000000000
306.000000000000000,1.000000000000000,0.000027574700000,0.000000000000000,9.978000000000000,0.001187090000000,0.000000000000000,178.698000000000007,0.000027157500000,0.000004775850000,-0.001186860000000,0.000026822200000,10.000000000000000,3005.000000000000000
315.000000000000000,1.000000000000000,0.000031486400000,0.000000000000000,9.630000000000001,0.001117000000000,0.000000000000000,178.626000000000005,0.000031039400000,0.000005260140000,-0.001116760000000,0.000026703000000,10.000000000000000,3005.000000000000000
315.000000000000000,1.000000000000000,0.000032134600000,0.000000000000000,8.976000000000001,0.001099590000000,0.000000000000000,178.602000000000004,0.000031739700000,0.000005006820000,-0.001099360000000,0.000026822200000,10.000000000000000,3005.000000000000000
315.000000000000000,1.000000000000000,0.000032700800000,0.000000000000000,8.676000000000000,0.001089820000000,0.000000000000000,178.590000000000003,0.000032328300000,0.000004932310000,-0.001089580000000,0.000026822200000,10.000000000000000,3005.000000000000000
324.000000000000000,1.000000000000000,0.000035196800000,0.000000000000000,6.636000000000000,0.000962976000000,0.000000000000000,178.415999999999997,0.000034958400000,0.000004060600000,-0.000962619000000,0.000026583800000,10.000000000000000,3005.000000000000000
324.000000000000000,1.000000000000000,0.000036232400000,0.000000000000000,6.222000000000000,0.000932816000000,0.000000000000000,178.355999999999994,0.000036023800000,0.000003926490000,-0.000932578000000,0.000026703000000,10.000000000000000,3005.000000000000000
324.000000000000000,1.000000000000000,0.000036940200000,0.000000000000000,5.832000000000000,0.000916246000000,0.000000000000000,178.325999999999993,0.000036746500000,0.000003747660000,-0.000916008000000,0.000026583800000,10.000000000000000,3005.000000000000000
333.000000000000000,1.000000000000000,0.000040479200000,0.000000000000000,5.034000000000000,0.000746135000000,0.000000000000000,177.960000000000008,0.000040330200000,0.000003546490000,-0.000745777000000,0.000026583800000,10.000000000000000,3005.000000000000000
333.000000000000000,1.000000000000000,0.000041418000000,0.000000000000000,4.800000000000000,0.000707272000000,0.000000000000000,177.852000000000004,0.000041276400000,0.000003464530000,-0.000706915000000,0.000026464600000,10.000000000000000,3005.000000000000000
333.000000000000000,1.000000000000000,0.000041656400000,0.000000000000000,4.764000000000000,0.000685815000000,0.000000000000000,177.774000000000001,0.000041507400000,0.000003457080000,-0.000685338000000,0.000026583800000,10.000000000000000,3005.000000000000000
342.000000000000000,1.000000000000000,0.000044070400000,0.000000000000000,5.166000000000000,0.000488285000000,0.000000000000000,176.909999999999996,0.000043891600000,0.000003963740000,-0.000487687000000,0.000026226200000,10.000000000000000,3005.000000000000000
342.000000000000000,1.000000000000000,0.000044495100000,0.000000000000000,4.620000000000000,0.000443460000000,0.000000000000000,176.604000000000013,0.000044346100000,0.000003583740000,-0.000442745000000,0.000026226200000,10.000000000000000,3005.000000000000000
342.000000000000000,1.000000000000000,0.000044398200000,0.000000000000000,4.194000000000000,0.000418903000000,0.000000000000000,176.406000000000006,0.000044271600000,0.000003241020000,-0.000418188000000,0.000026226200000,10.000000000000000,3005.000000000000000
351.000000000000000,1.000000000000000,0.000039346700000,0.000000000000000,4.818000000000000,0.000220300000000,0.000000000000000,173.189999999999998,0.000039205200000,0.000003300620000,-0.000218869000000,0.000026107000000,10.000000000000000,3005.000000000000000
351.000000000000000,1.000000000000000,0.000037014700000,0.000000000000000,5.280000000000000,0.000176550000000,0.000000000000000,171.491999999999990,0.000036858300000,0.000003404930000,-0.000174762000000,0.000026107000000,10.000000000000000,3005.000000000000000
351.000000000000000,1.000000000000000,0.000035360700000,0.000000000000000,5.562000000000000,0.000152350000000,0.000000000000000,170.153999999999996,0.000035196800000,0.000003419830000,-0.000150205000000,0.000025987700000,10.000000000000000,3005.000000000000000
360.000000000000000,1.000000000000000,0.000030786000000,0.000000000000000,8.442000000000000,0.000043869300000,0.000000000000000,36.054000000000002,0.000030458100000,0.000004515080000,0.000035524600000,0.000025749300000,10.000000000000000,3005.000000000000000
360.000000000000000,1.000000000000000,0.000029638500000,0.000000000000000,10.272000000000000,0.000080705200000,0.000000000000000,18.719999999999999,0.000029169100000,0.000005282490000,0.000076413600000,0.000025868500000,10.000000000000000,3005.000000000000000
360.000000000000000,1.000000000000000,0.000028930700000,0.000000000000000,11.364000000000001,0.000102401000000,0.000000000000000,14.622000000000000,0.000028364500000,0.000005699720000,0.000099063400000,0.000025749300000,10.000000000000000,3005.000000000000000
