Angle,Magnet current (A),R2w,R2werr,Theta2w,R1w,R1werr,Theta1w,X2,Y2,X1,Y1,I_source (mA),f_source (Hz)
0.000000000000000,2.000000000000000,0.000011444200000,0.000000000000000,-1.638000000000000,0.000175477000000,0.000000000000000,177.840000000000003,0.000011444200000,-0.000000476841000,-0.000179292000000,0.000007629450000,3.000000000000000,3005.000000000000000
0.000000000000000,2.000000000000000,0.000010490500000,0.000000000000000,-1.788000000000000,0.000179292000000,0.000000000000000,176.819999999999993,0.000010490500000,-0.000000476841000,-0.000183106000000,0.000007629450000,3.000000000000000,3005.000000000000000
0.000000000000000,2.000000000000000,0.000009536800000,0.000000000000000,0.000000000000000,0.000183106000000,0.000000000000000,177.918000000000006,0.000009536800000,0.000000000000000,-0.000186921000000,0.000003814730000,3.000000000000000,3005.000000000000000
9.000000000000000,2.000000000000000,0.000008583130000,0.000000000000000,-2.202000000000000,0.000129701000000,0.000000000000000,177.066000000000002,0.000008583130000,-0.000000476841000,-0.000133515000000,0.000003814730000,3.000000000000000,3005.000000000000000
9.000000000000000,2.000000000000000,0.000007629450000,0.000000000000000,0.000000000000000,0.000114441000000,0.000000000000000,176.729999999999990,0.000007629450000,0.000000000000000,-0.000118256000000,0.000003814730000,3.000000000000000,3005.000000000000000
9.000000000000000,2.000000000000000,0.000006675750000,0.000000000000000,-2.724000000000000,0.000102997000000,0.000000000000000,176.424000000000006,0.000006675750000,-0.000000476841000,-0.000106812000000,0.000003814730000,3.000000000000000,3005.000000000000000
18.000000000000000,2.000000000000000,0.000005245240000,0.000000000000000,-3.366000000000000,0.000045776600000,0.000000000000000,171.870000000000004,0.000005245240000,-0.000000476841000,-0.000049591300000,0.000003814730000,3.000000000000000,3005.000000000000000
18.000000000000000,2.000000000000000,0.000005245240000,0.000000000000000,0.000000000000000,0.000030517800000,0.000000000000000,168.689999999999998,0.000005245240000,0.000000000000000,-0.000034332500000,0.000003814730000,3.000000000000000,3005.000000000000000
18.000000000000000,2.000000000000000,0.000004291560000,0.000000000000000,4.086000000000000,0.000022888300000,0.000000000000000,165.966000000000008,0.000004291560000,0.000000000000000,-0.000026703000000,0.000003814730000,3.000000000000000,3005.000000000000000
27.000000000000000,2.000000000000000,0.000004768400000,0.000000000000000,3.816000000000000,0.000022888300000,0.000000000000000,14.034000000000001,0.000004768400000,0.000000000000000,0.000022888300000,0.000003814730000,3.000000000000000,3005.000000000000000
27.000000000000000,2.000000000000000,0.000004768400000,0.000000000000000,3.816000000000000,0.000034332500000,0.000000000000000,10.308000000000000,0.000004768400000,0.000000000000000,0.000034332500000,0.000003814730000,3.000000000000000,3005.000000000000000
27.000000000000000,2.000000000000000,0.000004768400000,0.000000000000000,3.816000000000000,0.000045776600000,0.000000000000000,8.130000000000001,0.000004768400000,0.000000000000000,0.000045776600000,0.000003814730000,3.000000000000000,3005.000000000000000
36.000000000000000,2.000000000000000,0.000005245240000,0.000000000000000,-7.122000000000000,0.000087738500000,0.000000000000000,4.236000000000000,0.000005245240000,-0.000000953682000,0.000087738500000,0.000003814730000,3.000000000000000,3005.000000000000000
36.000000000000000,2.000000000000000,0.000005245240000,0.000000000000000,-6.708000000000000,0.000095367900000,0.000000000000000,3.942000000000000,0.000005245240000,-0.000000953682000,0.000095367900000,0.000003814730000,3.000000000000000,3005.000000000000000
36.000000000000000,2.000000000000000,0.000005245240000,0.000000000000000,-3.366000000000000,0.000102997000000,0.000000000000000,3.690000000000000,0.000005245240000,-0.000000476841000,0.000102997000000,0.000003814730000,3.000000000000000,3005.000000000000000
45.000000000000000,2.000000000000000,0.000006198910000,0.000000000000000,-6.012000000000000,0.000129701000000,0.000000000000000,2.934000000000000,0.000006198910000,-0.000000953682000,0.000129701000000,0.000003814730000,3.000000000000000,3005.000000000000000
45.000000000000000,2.000000000000000,0.000006198910000,0.000000000000000,-3.012000000000000,0.000133515000000,0.000000000000000,2.790000000000000,0.000006198910000,-0.000000476841000,0.000133515000000,0.000003814730000,3.000000000000000,3005.000000000000000
45.000000000000000,2.000000000000000,0.000006198910000,0.000000000000000,2.862000000000000,0.000137330000000,0.000000000000000,2.724000000000000,0.000006198910000,0.000000000000000,0.000137330000000,0.000003814730000,3.000000000000000,3005.000000000000000
54.000000000000000,2.000000000000000,0.000007152590000,0.000000000000000,2.604000000000000,0.000148774000000,0.000000000000000,2.544000000000000,0.000007152590000,0.000000000000000,0.000148774000000,0.000003814730000,3.000000000000000,3005.000000000000000
54.000000000000000,2.000000000000000,0.000007152590000,0.000000000000000,2.604000000000000,0.000148774000000,0.000000000000000,2.544000000000000,0.000006675750000,0.000000000000000,0.000148774000000,0.000003814730000,3.000000000000000,3005.000000000000000
54.000000000000000,2.000000000000000,0.000006675750000,0.000000000000000,2.724000000000000,0.000152589000000,0.000000000000000,2.490000000000000,0.000006675750000,0.000000000000000,0.000152589000000,0.000003814730000,3.000000000000000,3005.000000000000000
63.000000000000000,2.000000000000000,0.000005722080000,0.000000000000000,9.462000000000000,0.000141145000000,0.000000000000000,2.664000000000000,0.000005722080000,0.000000953682000,0.000141145000000,0.000003814730000,3.000000000000000,3005.000000000000000
63.000000000000000,2.000000000000000,0.000005722080000,0.000000000000000,6.342000000000000,0.000137330000000,0.000000000000000,2.724000000000000,0.000005722080000,0.000000476841000,0.000137330000000,0.000003814730000,3.000000000000000,3005.000000000000000
63.000000000000000,2.000000000000000,0.000005722080000,0.000000000000000,3.180000000000000,0.000137330000000,0.000000000000000,2.724000000000000,0.000005722080000,0.000000000000000,0.000137330000000,0.000003814730000,3.000000000000000,3005.000000000000000
72.000000000000000,2.000000000000000,0.000005722080000,0.000000000000000,3.180000000000000,0.000110627000000,0.000000000000000,3.366000000000000,0.000005722080000,0.000000000000000,0.000110627000000,0.000003814730000,3.000000000000000,3005.000000000000000
72.000000000000000,2.000000000000000,0.000005245240000,0.000000000000000,3.576000000000000,0.000102997000000,0.000000000000000,3.576000000000000,0.000005245240000,0.000000000000000,0.000102997000000,0.000003814730000,3.000000000000000,3005.000000000000000
72.000000000000000,2.000000000000000,0.000004291560000,0.000000000000000,4.086000000000000,0.000102997000000,0.000000000000000,3.690000000000000,0.000004291560000,0.000000000000000,0.000102997000000,0.000003814730000,3.000000000000000,3005.000000000000000
81.000000000000000,2.000000000000000,0.000003337870000,0.000000000000000,0.000000000000000,0.000057220700000,0.000000000000000,6.342000000000000,0.000003337870000,0.000000000000000,0.000057220700000,0.000003814730000,3.000000000000000,3005.000000000000000
81.000000000000000,2.000000000000000,0.000002861040000,0.000000000000000,5.712000000000000,0.000049591300000,0.000000000000000,7.596000000000000,0.000002861040000,0.000000000000000,0.000049591300000,0.000003814730000,3.000000000000000,3005.000000000000000
81.000000000000000,2.000000000000000,0.000002861040000,0.000000000000000,5.712000000000000,0.000045776600000,0.000000000000000,8.130000000000001,0.000002861040000,0.000000000000000,0.000045776600000,0.000003814730000,3.000000000000000,3005.000000000000000
90.000000000000000,2.000000000000000,0.000003814730000,0.000000000000000,9.462000000000000,0.000007629450000,0.000000000000000,135.000000000000000,0.000003814730000,0.000000476841000,-0.000007629450000,0.000003814730000,3.000000000000000,3005.000000000000000
90.000000000000000,2.000000000000000,0.000003337870000,0.000000000000000,5.196000000000000,0.000019073600000,0.000000000000000,161.568000000000012,0.000003337870000,0.000000000000000,-0.000022888300000,0.000003814730000,3.000000000000000,3005.000000000000000
90.000000000000000,2.000000000000000,0.000003337870000,0.000000000000000,5.196000000000000,0.000022888300000,0.000000000000000,165.966000000000008,0.000003337870000,0.000000000000000,-0.000026703000000,0.000003814730000,3.000000000000000,3005.000000000000000
99.000000000000000,2.000000000000000,0.000004291560000,0.000000000000000,4.398000000000000,0.000083923800000,0.000000000000000,175.602000000000004,0.000004291560000,0.000000000000000,-0.000087738500000,0.000003814730000,3.000000000000000,3005.000000000000000
99.000000000000000,2.000000000000000,0.000004291560000,0.000000000000000,4.086000000000000,0.000099182600000,0.000000000000000,176.183999999999997,0.000004291560000,0.000000000000000,-0.000102997000000,0.000003814730000,3.000000000000000,3005.000000000000000
99.000000000000000,2.000000000000000,0.000004768400000,0.000000000000000,3.816000000000000,0.000102997000000,0.000000000000000,176.424000000000006,0.000004768400000,0.000000000000000,-0.000106812000000,0.000003814730000,3.000000000000000,3005.000000000000000
108.000000000000000,2.000000000000000,0.000006675750000,0.000000000000000,5.442000000000000,0.000164033000000,0.000000000000000,177.707999999999998,0.000006675750000,0.000000476841000,-0.000167848000000,0.000003814730000,3.000000000000000,3005.000000000000000
108.000000000000000,2.000000000000000,0.000007629450000,0.000000000000000,4.968000000000000,0.000179292000000,0.000000000000000,177.882000000000005,0.000007629450000,0.000000476841000,-0.000183106000000,0.000003814730000,3.000000000000000,3005.000000000000000
108.000000000000000,2.000000000000000,0.000008106290000,0.000000000000000,2.292000000000000,0.000183106000000,0.000000000000000,176.933999999999997,0.000008106290000,0.000000000000000,-0.000186921000000,0.000007629450000,3.000000000000000,3005.000000000000000
117.000000000000000,2.000000000000000,0.000009536800000,0.000000000000000,0.000000000000000,0.000236512000000,0.000000000000000,177.611999999999995,0.000009536800000,0.000000000000000,-0.000240327000000,0.000007629450000,3.000000000000000,3005.000000000000000
117.000000000000000,2.000000000000000,0.000010490500000,0.000000000000000,0.000000000000000,0.000251772000000,0.000000000000000,177.737999999999999,0.000010490500000,0.000000000000000,-0.000255587000000,0.000007629450000,3.000000000000000,3005.000000000000000
117.000000000000000,2.000000000000000,0.000010967300000,0.000000000000000,0.000000000000000,0.000259401000000,0.000000000000000,177.798000000000002,0.000010967300000,0.000000000000000,-0.000263216000000,0.000007629450000,3.000000000000000,3005.000000000000000
126.000000000000000,2.000000000000000,0.000012397800000,0.000000000000000,-3.012000000000000,0.000301363000000,0.000000000000000,178.110000000000013,0.000012397800000,-0.000000953682000,-0.000305178000000,0.000007629450000,3.000000000000000,3005.000000000000000
126.000000000000000,2.000000000000000,0.000012874700000,0.000000000000000,-1.434000000000000,0.000312807000000,0.000000000000000,178.169999999999987,0.000012874700000,-0.000000476841000,-0.000316622000000,0.000007629450000,3.000000000000000,3005.000000000000000
126.000000000000000,2.000000000000000,0.000013351500000,0.000000000000000,-1.398000000000000,0.000316622000000,0.000000000000000,178.193999999999988,0.000013351500000,-0.000000476841000,-0.000320436000000,0.000007629450000,3.000000000000000,3005.000000000000000
135.000000000000000,2.000000000000000,0.000014305200000,0.000000000000000,-2.604000000000000,0.000343325000000,0.000000000000000,178.349999999999994,0.000014305200000,-0.000000953682000,-0.000347139000000,0.000007629450000,3.000000000000000,3005.000000000000000
135.000000000000000,2.000000000000000,0.000014305200000,0.000000000000000,-2.604000000000000,0.000350954000000,0.000000000000000,178.379999999999995,0.000014305200000,-0.000000953682000,-0.000354769000000,0.000007629450000,3.000000000000000,3005.000000000000000
135.000000000000000,2.000000000000000,0.000014305200000,0.000000000000000,-2.664000000000000,0.000354769000000,0.000000000000000,178.391999999999996,0.000014305200000,-0.000000953682000,-0.000358583000000,0.000007629450000,3.000000000000000,3005.000000000000000
144.000000000000000,2.000000000000000,0.000014305200000,0.000000000000000,0.000000000000000,0.000366213000000,0.000000000000000,178.439999999999998,0.000014305200000,0.000000000000000,-0.000370027000000,0.000007629450000,3.000000000000000,3005.000000000000000
144.000000000000000,2.000000000000000,0.000014305200000,0.000000000000000,0.000000000000000,0.000366213000000,0.000000000000000,178.439999999999998,0.000014305200000,0.000000000000000,-0.000370027000000,0.000007629450000,3.000000000000000,3005.000000000000000
144.000000000000000,2.000000000000000,0.000014305200000,0.000000000000000,0.000000000000000,0.000366213000000,0.000000000000000,178.439999999999998,0.000014305200000,0.000000000000000,-0.000370027000000,0.000007629450000,3.000000000000000,3005.000000000000000
153.000000000000000,2.000000000000000,0.000014305200000,0.000000000000000,-1.332000000000000,0.000358583000000,0.000000000000000,178.409999999999996,0.000014305200000,-0.000000476841000,-0.000362398000000,0.000007629450000,3.000000000000000,3005.000000000000000
153.000000000000000,2.000000000000000,0.000014305200000,0.000000000000000,-1.332000000000000,0.000354769000000,0.000000000000000,178.391999999999996,0.000013828300000,-0.000000476841000,-0.000358583000000,0.000007629450000,3.000000000000000,3005.000000000000000
153.000000000000000,2.000000000000000,0.000014305200000,0.000000000000000,-1.332000000000000,0.000354769000000,0.000000000000000,178.391999999999996,0.000014305200000,-0.000000476841000,-0.000358583000000,0.000007629450000,3.000000000000000,3005.000000000000000
162.000000000000000,2.000000000000000,0.000012874700000,0.000000000000000,-2.862000000000000,0.000324251000000,0.000000000000000,178.247999999999990,0.000012874700000,-0.000000953682000,-0.000328066000000,0.000007629450000,3.000000000000000,3005.000000000000000
162.000000000000000,2.000000000000000,0.000012874700000,0.000000000000000,-2.934000000000000,0.000316622000000,0.000000000000000,178.211999999999989,0.000012874700000,-0.000000476841000,-0.000320436000000,0.000007629450000,3.000000000000000,3005.000000000000000
162.000000000000000,2.000000000000000,0.000012397800000,0.000000000000000,-1.506000000000000,0.000316622000000,0.000000000000000,178.193999999999988,0.000012397800000,-0.000000476841000,-0.000320436000000,0.000007629450000,3.000000000000000,3005.000000000000000
171.000000000000000,2.000000000000000,0.000011921000000,0.000000000000000,0.000000000000000,0.000270845000000,0.000000000000000,177.906000000000006,0.000011921000000,0.000000000000000,-0.000274660000000,0.000007629450000,3.000000000000000,3005.000000000000000
171.000000000000000,2.000000000000000,0.000011444200000,0.000000000000000,1.638000000000000,0.000263216000000,0.000000000000000,177.828000000000003,0.000011444200000,0.000000000000000,-0.000267031000000,0.000007629450000,3.000000000000000,3005.000000000000000
171.000000000000000,2.000000000000000,0.000011444200000,0.000000000000000,1.638000000000000,0.000259401000000,0.000000000000000,177.798000000000002,0.000011444200000,0.000000000000000,-0.000263216000000,0.000007629450000,3.000000000000000,3005.000000000000000
180.000000000000000,2.000000000000000,0.000007629450000,0.000000000000000,4.764000000000000,0.000202180000000,0.000000000000000,178.122000000000014,0.000007629450000,0.000000476841000,-0.000205995000000,0.000003814730000,3.000000000000000,3005.000000000000000
180.000000000000000,2.000000000000000,0.000007152590000,0.000000000000000,7.764000000000000,0.000186921000000,0.000000000000000,177.990000000000009,0.000007152590000,0.000000476841000,-0.000190736000000,0.000003814730000,3.000000000000000,3005.000000000000000
180.000000000000000,2.000000000000000,0.000007629450000,0.000000000000000,4.968000000000000,0.000183106000000,0.000000000000000,177.918000000000006,0.000007629450000,0.000000476841000,-0.000186921000000,0.000003814730000,3.000000000000000,3005.000000000000000
189.000000000000000,2.000000000000000,0.000005245240000,0.000000000000000,-3.576000000000000,0.000122071000000,0.000000000000000,176.903999999999996,0.000005245240000,-0.000000476841000,-0.000125886000000,0.000003814730000,3.000000000000000,3005.000000000000000
189.000000000000000,2.000000000000000,0.000004291560000,0.000000000000000,-8.130000000000001,0.000106812000000,0.000000000000000,176.532000000000011,0.000004291560000,-0.000000953682000,-0.000110627000000,0.000003814730000,3.000000000000000,3005.000000000000000
189.000000000000000,2.000000000000000,0.000004291560000,0.000000000000000,-8.747999999999999,0.000102997000000,0.000000000000000,176.310000000000002,0.000004291560000,-0.000000476841000,-0.000106812000000,0.000003814730000,3.000000000000000,3005.000000000000000
198.000000000000000,2.000000000000000,0.000002861040000,0.000000000000000,6.342000000000000,0.000041961900000,0.000000000000000,171.252000000000009,0.000002861040000,0.000000000000000,-0.000045776600000,0.000003814730000,3.000000000000000,3005.000000000000000
198.000000000000000,2.000000000000000,0.000002384200000,0.000000000000000,14.034000000000001,0.000026703000000,0.000000000000000,167.472000000000008,0.000002384200000,0.000000476841000,-0.000030517800000,0.000003814730000,3.000000000000000,3005.000000000000000
198.000000000000000,2.000000000000000,0.000002384200000,0.000000000000000,14.034000000000001,0.000022888300000,0.000000000000000,164.051999999999992,0.000002384200000,0.000000476841000,-0.000026703000000,0.000003814730000,3.000000000000000,3005.000000000000000
207.000000000000000,2.000000000000000,0.000002384200000,0.000000000000000,7.122000000000000,0.000026703000000,0.000000000000000,12.528000000000000,0.000002384200000,0.000000000000000,0.000026703000000,0.000003814730000,3.000000000000000,3005.000000000000000
207.000000000000000,2.000000000000000,0.000002384200000,0.000000000000000,0.000000000000000,0.000041961900000,0.000000000000000,8.747999999999999,0.000002384200000,0.000000000000000,0.000041961900000,0.000003814730000,3.000000000000000,3005.000000000000000
207.000000000000000,2.000000000000000,0.000002384200000,0.000000000000000,0.000000000000000,0.000045776600000,0.000000000000000,8.130000000000001,0.000002384200000,0.000000000000000,0.000045776600000,0.000003814730000,3.000000000000000,3005.000000000000000
216.000000000000000,2.000000000000000,0.000003814730000,0.000000000000000,9.462000000000000,0.000087738500000,0.000000000000000,4.236000000000000,0.000003814730000,0.000000476841000,0.000087738500000,0.000003814730000,3.000000000000000,3005.000000000000000
216.000000000000000,2.000000000000000,0.000004291560000,0.000000000000000,4.086000000000000,0.000099182600000,0.000000000000000,3.816000000000000,0.000004291560000,0.000000000000000,0.000099182600000,0.000003814730000,3.000000000000000,3005.000000000000000
216.000000000000000,2.000000000000000,0.000004291560000,0.000000000000000,4.086000000000000,0.000102997000000,0.000000000000000,3.576000000000000,0.000004291560000,0.000000000000000,0.000102997000000,0.000003814730000,3.000000000000000,3005.000000000000000
225.000000000000000,2.000000000000000,0.000005245240000,0.000000000000000,0.000000000000000,0.000129701000000,0.000000000000000,2.862000000000000,0.000005245240000,0.000000000000000,0.000129701000000,0.000003814730000,3.000000000000000,3005.000000000000000
225.000000000000000,2.000000000000000,0.000005245240000,0.000000000000000,0.000000000000000,0.000133515000000,0.000000000000000,2.790000000000000,0.000005245240000,0.000000000000000,0.000133515000000,0.000003814730000,3.000000000000000,3005.000000000000000
225.000000000000000,2.000000000000000,0.000005722080000,0.000000000000000,0.000000000000000,0.000137330000000,0.000000000000000,2.724000000000000,0.000005722080000,0.000000000000000,0.000137330000000,0.000003814730000,3.000000000000000,3005.000000000000000
234.000000000000000,2.000000000000000,0.000006198910000,0.000000000000000,5.712000000000000,0.000148774000000,0.000000000000000,2.544000000000000,0.000006198910000,0.000000476841000,0.000148774000000,0.000003814730000,3.000000000000000,3005.000000000000000
234.000000000000000,2.000000000000000,0.000006198910000,0.000000000000000,2.862000000000000,0.000152589000000,0.000000000000000,2.490000000000000,0.000006198910000,0.000000000000000,0.000152589000000,0.000003814730000,3.000000000000000,3005.000000000000000
234.000000000000000,2.000000000000000,0.000006198910000,0.000000000000000,3.012000000000000,0.000152589000000,0.000000000000000,2.490000000000000,0.000006198910000,0.000000000000000,0.000152589000000,0.000003814730000,3.000000000000000,3005.000000000000000
243.000000000000000,2.000000000000000,0.000005245240000,0.000000000000000,3.366000000000000,0.000141145000000,0.000000000000000,2.664000000000000,0.000005245240000,0.000000000000000,0.000141145000000,0.000003814730000,3.000000000000000,3005.000000000000000
243.000000000000000,2.000000000000000,0.000005245240000,0.000000000000000,3.366000000000000,0.000137330000000,0.000000000000000,2.724000000000000,0.000005245240000,0.000000000000000,0.000137330000000,0.000003814730000,3.000000000000000,3005.000000000000000
243.000000000000000,2.000000000000000,0.000005245240000,0.000000000000000,6.708000000000000,0.000137330000000,0.000000000000000,2.724000000000000,0.000005245240000,0.000000476841000,0.000137330000000,0.000003814730000,3.000000000000000,3005.000000000000000
252.000000000000000,2.000000000000000,0.000005245240000,0.000000000000000,0.000000000000000,0.000110627000000,0.000000000000000,3.366000000000000,0.000005245240000,0.000000000000000,0.000110627000000,0.000003814730000,3.000000000000000,3005.000000000000000
252.000000000000000,2.000000000000000,0.000005245240000,0.000000000000000,0.000000000000000,0.000102997000000,0.000000000000000,3.576000000000000,0.000005245240000,0.000000000000000,0.000102997000000,0.000003814730000,3.000000000000000,3005.000000000000000
252.000000000000000,2.000000000000000,0.000005245240000,0.000000000000000,3.576000000000000,0.000102997000000,0.000000000000000,3.690000000000000,0.000005245240000,0.000000000000000,0.000102997000000,0.000003814730000,3.000000000000000,3005.000000000000000
261.000000000000000,2.000000000000000,0.000004291560000,0.000000000000000,12.096000000000000,0.000061035600000,0.000000000000000,6.012000000000000,0.000004291560000,0.000000953682000,0.000061035600000,0.000003814730000,3.000000000000000,3005.000000000000000
261.000000000000000,2.000000000000000,0.000004291560000,0.000000000000000,8.747999999999999,0.000049591300000,0.000000000000000,7.122000000000000,0.000004291560000,0.000000476841000,0.000049591300000,0.000003814730000,3.000000000000000,3005.000000000000000
261.000000000000000,2.000000000000000,0.000003337870000,0.000000000000000,15.252000000000001,0.000045776600000,0.000000000000000,8.130000000000001,0.000003337870000,0.000000953682000,0.000045776600000,0.000003814730000,3.000000000000000,3005.000000000000000
270.000000000000000,2.000000000000000,0.000002861040000,0.000000000000000,5.712000000000000,0.000007629450000,0.000000000000000,135.000000000000000,0.000002861040000,0.000000000000000,-0.000007629450000,0.000003814730000,3.000000000000000,3005.000000000000000
270.000000000000000,2.000000000000000,0.000003337870000,0.000000000000000,5.196000000000000,0.000015258900000,0.000000000000000,158.195999999999998,0.000003337870000,0.000000000000000,-0.000019073600000,0.000003814730000,3.000000000000000,3005.000000000000000
270.000000000000000,2.000000000000000,0.000003337870000,0.000000000000000,0.000000000000000,0.000022888300000,0.000000000000000,164.051999999999992,0.000003337870000,0.000000000000000,-0.000026703000000,0.000003814730000,3.000000000000000,3005.000000000000000
279.000000000000000,2.000000000000000,0.000003814730000,0.000000000000000,0.000000000000000,0.000080109100000,0.000000000000000,175.427999999999997,0.000003814730000,0.000000000000000,-0.000083923800000,0.000003814730000,3.000000000000000,3005.000000000000000
279.000000000000000,2.000000000000000,0.000004768400000,0.000000000000000,7.122000000000000,0.000095367900000,0.000000000000000,176.057999999999993,0.000004768400000,0.000000000000000,-0.000099182600000,0.000003814730000,3.000000000000000,3005.000000000000000
279.000000000000000,2.000000000000000,0.000005245240000,0.000000000000000,0.000000000000000,0.000102997000000,0.000000000000000,176.310000000000002,0.000005245240000,0.000000000000000,-0.000106812000000,0.000003814730000,3.000000000000000,3005.000000000000000
288.000000000000000,2.000000000000000,0.000007599620000,0.000000000000000,-2.610000000000000,0.000162483000000,0.000000000000000,177.180000000000007,0.000007599620000,-0.000000350179000,-0.000162483000000,0.000007987080000,3.000000000000000,3005.000000000000000
288.000000000000000,2.000000000000000,0.000008359610000,0.000000000000000,-1.464000000000000,0.000176908000000,0.000000000000000,177.389999999999986,0.000008359610000,-0.000000216068000,-0.000176788000000,0.000007987080000,3.000000000000000,3005.000000000000000
288.000000000000000,2.000000000000000,0.000008672530000,0.000000000000000,0.042000000000000,0.000184895000000,0.000000000000000,177.455999999999989,0.000008672530000,0.000000000000000,-0.000184775000000,0.000008106290000,3.000000000000000,3005.000000000000000
297.000000000000000,2.000000000000000,0.000010334000000,0.000000000000000,3.954000000000000,0.000239492000000,0.000000000000000,178.038000000000011,0.000010311700000,0.000000707809000,-0.000239492000000,0.000008106290000,3.000000000000000,3005.000000000000000
297.000000000000000,2.000000000000000,0.000011161000000,0.000000000000000,2.052000000000000,0.000251295000000,0.000000000000000,178.098000000000013,0.000011153600000,0.000000394883000,-0.000251295000000,0.000008225500000,3.000000000000000,3005.000000000000000
297.000000000000000,2.000000000000000,0.000011861400000,0.000000000000000,1.254000000000000,0.000257852000000,0.000000000000000,178.133999999999986,0.000011861400000,0.000000253322000,-0.000257732000000,0.000008344710000,3.000000000000000,3005.000000000000000
306.000000000000000,2.000000000000000,0.000012591500000,0.000000000000000,-1.032000000000000,0.000301601000000,0.000000000000000,178.355999999999994,0.000012591500000,-0.000000230969000,-0.000301601000000,0.000008583130000,3.000000000000000,3005.000000000000000
306.000000000000000,2.000000000000000,0.000013247200000,0.000000000000000,-0.690000000000000,0.000311257000000,0.000000000000000,178.403999999999996,0.000013247200000,-0.000000163914000,-0.000311257000000,0.000008583130000,3.000000000000000,3005.000000000000000
306.000000000000000,2.000000000000000,0.000013731500000,0.000000000000000,0.360000000000000,0.000317099000000,0.000000000000000,178.433999999999997,0.000013731500000,0.000000081956800,-0.000317099000000,0.000008583130000,3.000000000000000,3005.000000000000000
315.000000000000000,2.000000000000000,0.000014677700000,0.000000000000000,-0.576000000000000,0.000345470000000,0.000000000000000,178.554000000000002,0.000014677700000,-0.000000149013000,-0.000345470000000,0.000008702340000,3.000000000000000,3005.000000000000000
315.000000000000000,2.000000000000000,0.000014722400000,0.000000000000000,-0.390000000000000,0.000351431000000,0.000000000000000,178.566000000000002,0.000014722400000,-0.000000104309000,-0.000351431000000,0.000008702340000,3.000000000000000,3005.000000000000000
315.000000000000000,2.000000000000000,0.000014804400000,0.000000000000000,-0.774000000000000,0.000354769000000,0.000000000000000,178.566000000000002,0.000014804400000,-0.000000201167000,-0.000354769000000,0.000008821550000,3.000000000000000,3005.000000000000000
324.000000000000000,2.000000000000000,0.000014595700000,0.000000000000000,0.288000000000000,0.000365855000000,0.000000000000000,178.602000000000004,0.000014595700000,0.000000067055700,-0.000365855000000,0.000008821550000,3.000000000000000,3005.000000000000000
324.000000000000000,2.000000000000000,0.000015042800000,0.000000000000000,0.714000000000000,0.000367763000000,0.000000000000000,178.608000000000004,0.000015042800000,0.000000186265000,-0.000367763000000,0.000008821550000,3.000000000000000,3005.000000000000000
324.000000000000000,2.000000000000000,0.000015437700000,0.000000000000000,1.188000000000000,0.000368835000000,0.000000000000000,178.614000000000004,0.000015437700000,0.000000312926000,-0.000368835000000,0.000008821550000,3.000000000000000,3005.000000000000000
333.000000000000000,2.000000000000000,0.000014916100000,0.000000000000000,-2.328000000000000,0.000360610000000,0.000000000000000,178.614000000000004,0.000014901200000,-0.000000610951000,-0.000360610000000,0.000008702340000,3.000000000000000,3005.000000000000000
333.000000000000000,2.000000000000000,0.000015124700000,0.000000000000000,-3.564000000000000,0.000358107000000,0.000000000000000,178.590000000000003,0.000015094900000,-0.000000946227000,-0.000358107000000,0.000008702340000,3.000000000000000,3005.000000000000000
333.000000000000000,2.000000000000000,0.000015243900000,0.000000000000000,-2.052000000000000,0.000356795000000,0.000000000000000,178.590000000000003,0.000015236500000,-0.000000551347000,-0.000356795000000,0.000008702340000,3.000000000000000,3005.000000000000000
342.000000000000000,2.000000000000000,0.000014633000000,0.000000000000000,-1.356000000000000,0.000329973000000,0.000000000000000,178.481999999999999,0.000014625500000,-0.000000350179000,-0.000329973000000,0.000008702340000,3.000000000000000,3005.000000000000000
342.000000000000000,2.000000000000000,0.000014320100000,0.000000000000000,-1.176000000000000,0.000323417000000,0.000000000000000,178.463999999999998,0.000014320100000,-0.000000298025000,-0.000323417000000,0.000008583130000,3.000000000000000,3005.000000000000000
342.000000000000000,2.000000000000000,0.000013858100000,0.000000000000000,-0.966000000000000,0.000319840000000,0.000000000000000,178.445999999999998,0.000013858100000,-0.000000238420000,-0.000319840000000,0.000008583130000,3.000000000000000,3005.000000000000000
351.000000000000000,2.000000000000000,0.000013731500000,0.000000000000000,-1.698000000000000,0.000277044000000,0.000000000000000,178.235999999999990,0.000013724000000,-0.000000409784000,-0.000277044000000,0.000008463920000,3.000000000000000,3005.000000000000000
351.000000000000000,2.000000000000000,0.000013344000000,0.000000000000000,-1.944000000000000,0.000267031000000,0.000000000000000,178.181999999999988,0.000013336600000,-0.000000454487000,-0.000267031000000,0.000008463920000,3.000000000000000,3005.000000000000000
351.000000000000000,2.000000000000000,0.000012748000000,0.000000000000000,-1.200000000000000,0.000261547000000,0.000000000000000,178.133999999999986,0.000012748000000,-0.000000268223000,-0.000261547000000,0.000008463920000,3.000000000000000,3005.000000000000000
360.000000000000000,2.000000000000000,0.000011347300000,0.000000000000000,0.372000000000000,0.000207067000000,0.000000000000000,177.731999999999999,0.000011347300000,0.000000067055700,-0.000207067000000,0.000008106290000,3.000000000000000,3005.000000000000000
360.000000000000000,2.000000000000000,0.000010676700000,0.000000000000000,2.184000000000000,0.000194550000000,0.000000000000000,177.605999999999994,0.000010669300000,0.000000402333000,-0.000194550000000,0.000008106290000,3.000000000000000,3005.000000000000000
360.000000000000000,2.000000000000000,0.000010401100000,0.000000000000000,3.414000000000000,0.000187636000000,0.000000000000000,177.533999999999992,0.000010386200000,0.000000618402000,-0.000187517000000,0.000007987080000,3.000000000000000,3005.000000000000000
0.000000000000000,1.500000000000000,0.000009790120000,0.000000000000000,3.318000000000000,0.000123025000000,0.000000000000000,176.304000000000002,0.000009775220000,0.000000566248000,-0.000122906000000,0.000007867870000,3.000000000000000,3005.000000000000000
0.000000000000000,1.500000000000000,0.000007785910000,0.000000000000000,2.844000000000000,0.000111819000000,0.000000000000000,175.937999999999988,0.000007778460000,0.000000379981000,-0.000111700000000,0.000007867870000,3.000000000000000,3005.000000000000000
0.000000000000000,1.500000000000000,0.000006616140000,0.000000000000000,-1.038000000000000,0.000105501000000,0.000000000000000,175.692000000000007,0.000006616140000,-0.000000126661000,-0.000105262000000,0.000007867870000,3.000000000000000,3005.000000000000000
9.000000000000000,1.500000000000000,0.000005699720000,0.000000000000000,0.936000000000000,0.000046491900000,0.000000000000000,170.430000000000007,0.000005699720000,0.000000089407400,-0.000045895800000,0.000007629450000,3.000000000000000,3005.000000000000000
9.000000000000000,1.500000000000000,0.000005461300000,0.000000000000000,1.818000000000000,0.000033259600000,0.000000000000000,166.800000000000011,0.000005461300000,0.000000171364000,-0.000032425200000,0.000007510210000,3.000000000000000,3005.000000000000000
9.000000000000000,1.500000000000000,0.000004991920000,0.000000000000000,-2.142000000000000,0.000026107000000,0.000000000000000,163.229999999999990,0.000004984470000,-0.000000193716000,-0.000025034100000,0.000007510210000,3.000000000000000,3005.000000000000000
18.000000000000000,1.500000000000000,0.000005401700000,0.000000000000000,-3.534000000000000,0.000029921600000,0.000000000000000,14.286000000000000,0.000005386800000,-0.000000335278000,0.000028968000000,0.000007271800000,3.000000000000000,3005.000000000000000
18.000000000000000,1.500000000000000,0.000005297390000,0.000000000000000,-0.144000000000000,0.000041485100000,0.000000000000000,10.157999999999999,0.000005297390000,-0.000000014901300,0.000040889000000,0.000007271800000,3.000000000000000,3005.000000000000000
18.000000000000000,1.500000000000000,0.000005178180000,0.000000000000000,3.174000000000000,0.000047922400000,0.000000000000000,8.718000000000000,0.000005170730000,0.000000283124000,0.000047326300000,0.000007152590000,3.000000000000000,3005.000000000000000
27.000000000000000,1.500000000000000,0.000005885990000,0.000000000000000,3.510000000000000,0.000090718700000,0.000000000000000,4.422000000000000,0.000005871090000,0.000000357630000,0.000090480300000,0.000006914170000,3.000000000000000,3005.000000000000000
27.000000000000000,1.500000000000000,0.000006362820000,0.000000000000000,6.012000000000000,0.000100017000000,0.000000000000000,4.014000000000000,0.000006333020000,0.000000663105000,0.000099778600000,0.000006914170000,3.000000000000000,3005.000000000000000
27.000000000000000,1.500000000000000,0.000006429880000,0.000000000000000,7.140000000000000,0.000105024000000,0.000000000000000,3.816000000000000,0.000006385180000,0.000000797216000,0.000104905000000,0.000006914170000,3.000000000000000,3005.000000000000000
36.000000000000000,1.500000000000000,0.000006832210000,0.000000000000000,5.766000000000000,0.000132323000000,0.000000000000000,3.006000000000000,0.000006794960000,0.000000685457000,0.000132085000000,0.000006914170000,3.000000000000000,3005.000000000000000
36.000000000000000,1.500000000000000,0.000006675750000,0.000000000000000,5.670000000000000,0.000137926000000,0.000000000000000,2.910000000000000,0.000006645950000,0.000000655655000,0.000137688000000,0.000006914170000,3.000000000000000,3005.000000000000000
36.000000000000000,1.500000000000000,0.000006407530000,0.000000000000000,5.310000000000000,0.000141026000000,0.000000000000000,2.844000000000000,0.000006385180000,0.000000588600000,0.000140787000000,0.000006914170000,3.000000000000000,3005.000000000000000
45.000000000000000,1.500000000000000,0.000006586340000,0.000000000000000,5.694000000000000,0.000150801000000,0.000000000000000,2.610000000000000,0.000006549090000,0.000000648204000,0.000150681000000,0.000006794960000,3.000000000000000,3005.000000000000000
45.000000000000000,1.500000000000000,0.000006690650000,0.000000000000000,5.772000000000000,0.000152470000000,0.000000000000000,2.628000000000000,0.000006653400000,0.000000670556000,0.000152350000000,0.000006914170000,3.000000000000000,3005.000000000000000
45.000000000000000,1.500000000000000,0.000006727900000,0.000000000000000,4.596000000000000,0.000153304000000,0.000000000000000,2.616000000000000,0.000006713000000,0.000000536445000,0.000153185000000,0.000006914170000,3.000000000000000,3005.000000000000000
54.000000000000000,1.500000000000000,0.000006571440000,0.000000000000000,8.928000000000001,0.000144363000000,0.000000000000000,2.754000000000000,0.000006489480000,0.000001013290000,0.000144244000000,0.000006914170000,3.000000000000000,3005.000000000000000
54.000000000000000,1.500000000000000,0.000006482030000,0.000000000000000,10.061999999999999,0.000141860000000,0.000000000000000,2.826000000000000,0.000006385180000,0.000001132500000,0.000141622000000,0.000006914170000,3.000000000000000,3005.000000000000000
54.000000000000000,1.500000000000000,0.000006392630000,0.000000000000000,8.694000000000001,0.000140549000000,0.000000000000000,2.802000000000000,0.000006318120000,0.000000961132000,0.000140310000000,0.000006794960000,3.000000000000000,3005.000000000000000
63.000000000000000,1.500000000000000,0.000006184010000,0.000000000000000,1.110000000000000,0.000113845000000,0.000000000000000,3.522000000000000,0.000006184010000,0.000000119210000,0.000113726000000,0.000006914170000,3.000000000000000,3005.000000000000000
63.000000000000000,1.500000000000000,0.000005826380000,0.000000000000000,2.166000000000000,0.000107527000000,0.000000000000000,3.696000000000000,0.000005818930000,0.000000216068000,0.000107289000000,0.000006914170000,3.000000000000000,3005.000000000000000
63.000000000000000,1.500000000000000,0.000005573060000,0.000000000000000,3.354000000000000,0.000103951000000,0.000000000000000,3.822000000000000,0.000005573060000,0.000000320377000,0.000103832000000,0.000006914170000,3.000000000000000,3005.000000000000000
72.000000000000000,1.500000000000000,0.000004045690000,0.000000000000000,5.100000000000000,0.000062704600000,0.000000000000000,6.582000000000000,0.000004030790000,0.000000357630000,0.000062346900000,0.000007152590000,3.000000000000000,3005.000000000000000
72.000000000000000,1.500000000000000,0.000003933940000,0.000000000000000,7.392000000000000,0.000053286800000,0.000000000000000,7.896000000000000,0.000003904130000,0.000000506643000,0.000052809900000,0.000007271800000,3.000000000000000,3005.000000000000000
72.000000000000000,1.500000000000000,0.000004068050000,0.000000000000000,11.034000000000001,0.000048160800000,0.000000000000000,8.837999999999999,0.000003993540000,0.000000774864000,0.000047564700000,0.000007271800000,3.000000000000000,3005.000000000000000
81.000000000000000,1.500000000000000,0.000003054750000,0.000000000000000,8.520000000000000,0.000009179170000,0.000000000000000,126.786000000000001,0.000003024950000,0.000000447037000,-0.000005602870000,0.000007391010000,3.000000000000000,3005.000000000000000
81.000000000000000,1.500000000000000,0.000002786530000,0.000000000000000,6.444000000000000,0.000019192800000,0.000000000000000,156.984000000000009,0.000002771630000,0.000000312926000,-0.000017762300000,0.000007510210000,3.000000000000000,3005.000000000000000
81.000000000000000,1.500000000000000,0.000002615170000,0.000000000000000,6.726000000000000,0.000025510900000,0.000000000000000,162.701999999999998,0.000002592820000,0.000000305476000,-0.000024438000000,0.000007510210000,3.000000000000000,3005.000000000000000
90.000000000000000,1.500000000000000,0.000004202160000,0.000000000000000,7.464000000000000,0.000083447000000,0.000000000000000,174.455999999999989,0.000004172350000,0.000000543896000,-0.000083208500000,0.000007987080000,3.000000000000000,3005.000000000000000
90.000000000000000,1.500000000000000,0.000004433120000,0.000000000000000,5.778000000000000,0.000096798400000,0.000000000000000,175.145999999999986,0.000004410770000,0.000000439586000,-0.000096560000000,0.000008106290000,3.000000000000000,3005.000000000000000
90.000000000000000,1.500000000000000,0.000004999370000,0.000000000000000,0.762000000000000,0.000104189000000,0.000000000000000,175.524000000000001,0.000004999370000,0.000000059605100,-0.000103951000000,0.000008106290000,3.000000000000000,3005.000000000000000
99.000000000000000,1.500000000000000,0.000007875320000,0.000000000000000,-0.096000000000000,0.000163794000000,0.000000000000000,177.156000000000006,0.000007875320000,-0.000000014901300,-0.000163675000000,0.000008106290000,3.000000000000000,3005.000000000000000
99.000000000000000,1.500000000000000,0.000008620380000,0.000000000000000,-0.222000000000000,0.000177146000000,0.000000000000000,177.348000000000013,0.000008620380000,-0.000000037253100,-0.000177146000000,0.000008106290000,3.000000000000000,3005.000000000000000
99.000000000000000,1.500000000000000,0.000008806640000,0.000000000000000,-0.084000000000000,0.000184537000000,0.000000000000000,177.413999999999987,0.000008806640000,-0.000000014901300,-0.000184418000000,0.000008225500000,3.000000000000000,3005.000000000000000
108.000000000000000,1.500000000000000,0.000010296800000,0.000000000000000,-1.074000000000000,0.000238896000000,0.000000000000000,177.984000000000009,0.000010296800000,-0.000000193716000,-0.000238896000000,0.000008344710000,3.000000000000000,3005.000000000000000
108.000000000000000,1.500000000000000,0.000011019500000,0.000000000000000,-1.074000000000000,0.000250818000000,0.000000000000000,178.050000000000011,0.000011019500000,-0.000000208617000,-0.000250818000000,0.000008463920000,3.000000000000000,3005.000000000000000
108.000000000000000,1.500000000000000,0.000011362200000,0.000000000000000,-1.044000000000000,0.000257375000000,0.000000000000000,178.098000000000013,0.000011362200000,-0.000000208617000,-0.000257256000000,0.000008463920000,3.000000000000000,3005.000000000000000
117.000000000000000,1.500000000000000,0.000013247200000,0.000000000000000,2.190000000000000,0.000301244000000,0.000000000000000,178.349999999999994,0.000013239700000,0.000000506643000,-0.000301244000000,0.000008583130000,3.000000000000000,3005.000000000000000
117.000000000000000,1.500000000000000,0.000013619700000,0.000000000000000,0.282000000000000,0.000310900000000,0.000000000000000,178.391999999999996,0.000013619700000,0.000000059605100,-0.000310900000000,0.000008702340000,3.000000000000000,3005.000000000000000
117.000000000000000,1.500000000000000,0.000013947500000,0.000000000000000,-0.822000000000000,0.000316145000000,0.000000000000000,178.403999999999996,0.000013947500000,-0.000000201167000,-0.000316145000000,0.000008702340000,3.000000000000000,3005.000000000000000
126.000000000000000,1.500000000000000,0.000013984800000,0.000000000000000,-6.954000000000000,0.000344874000000,0.000000000000000,178.518000000000000,0.000013880500000,-0.000001698740000,-0.000344874000000,0.000008821550000,3.000000000000000,3005.000000000000000
126.000000000000000,1.500000000000000,0.000014074200000,0.000000000000000,-5.436000000000000,0.000350835000000,0.000000000000000,178.542000000000001,0.000014014600000,-0.000001333660000,-0.000350716000000,0.000008821550000,3.000000000000000,3005.000000000000000
126.000000000000000,1.500000000000000,0.000014186000000,0.000000000000000,-3.366000000000000,0.000353934000000,0.000000000000000,178.542000000000001,0.000014156200000,-0.000000834469000,-0.000353934000000,0.000008940750000,3.000000000000000,3005.000000000000000
135.000000000000000,1.500000000000000,0.000014826700000,0.000000000000000,-1.032000000000000,0.000364663000000,0.000000000000000,178.608000000000004,0.000014826700000,-0.000000268223000,-0.000364663000000,0.000008821550000,3.000000000000000,3005.000000000000000
135.000000000000000,1.500000000000000,0.000014796900000,0.000000000000000,-0.360000000000000,0.000366570000000,0.000000000000000,178.614000000000004,0.000014796900000,-0.000000096858000,-0.000366570000000,0.000008821550000,3.000000000000000,3005.000000000000000
135.000000000000000,1.500000000000000,0.000014975700000,0.000000000000000,-1.068000000000000,0.000367524000000,0.000000000000000,178.626000000000005,0.000014975700000,-0.000000283124000,-0.000367524000000,0.000008702340000,3.000000000000000,3005.000000000000000
144.000000000000000,1.500000000000000,0.000013984800000,0.000000000000000,-1.500000000000000,0.000358464000000,0.000000000000000,178.596000000000003,0.000013977300000,-0.000000372531000,-0.000358464000000,0.000008702340000,3.000000000000000,3005.000000000000000
144.000000000000000,1.500000000000000,0.000013835800000,0.000000000000000,-0.744000000000000,0.000355842000000,0.000000000000000,178.584000000000003,0.000013835800000,-0.000000186265000,-0.000355842000000,0.000008702340000,3.000000000000000,3005.000000000000000
144.000000000000000,1.500000000000000,0.000013835800000,0.000000000000000,-0.222000000000000,0.000354292000000,0.000000000000000,178.566000000000002,0.000013835800000,-0.000000059605100,-0.000354292000000,0.000008821550000,3.000000000000000,3005.000000000000000
153.000000000000000,1.500000000000000,0.000013247200000,0.000000000000000,-1.728000000000000,0.000327112000000,0.000000000000000,178.469999999999999,0.000013239700000,-0.000000402333000,-0.000326993000000,0.000008702340000,3.000000000000000,3005.000000000000000
153.000000000000000,1.500000000000000,0.000013016200000,0.000000000000000,-1.848000000000000,0.000320436000000,0.000000000000000,178.451999999999998,0.000013008800000,-0.000000424685000,-0.000320436000000,0.000008583130000,3.000000000000000,3005.000000000000000
153.000000000000000,1.500000000000000,0.000013105600000,0.000000000000000,-1.398000000000000,0.000316741000000,0.000000000000000,178.445999999999998,0.000013098200000,-0.000000320377000,-0.000316741000000,0.000008583130000,3.000000000000000,3005.000000000000000
162.000000000000000,1.500000000000000,0.000011600600000,0.000000000000000,2.796000000000000,0.000273230000000,0.000000000000000,178.199999999999988,0.000011585700000,0.000000566248000,-0.000273230000000,0.000008583130000,3.000000000000000,3005.000000000000000
162.000000000000000,1.500000000000000,0.000011086500000,0.000000000000000,1.656000000000000,0.000263097000000,0.000000000000000,178.157999999999987,0.000011079100000,0.000000312926000,-0.000263097000000,0.000008463920000,3.000000000000000,3005.000000000000000
162.000000000000000,1.500000000000000,0.000010803400000,0.000000000000000,1.200000000000000,0.000257613000000,0.000000000000000,178.145999999999986,0.000010803400000,0.000000223518000,-0.000257613000000,0.000008225500000,3.000000000000000,3005.000000000000000
171.000000000000000,1.500000000000000,0.000008314910000,0.000000000000000,1.374000000000000,0.000202418000000,0.000000000000000,177.695999999999998,0.000008314910000,0.000000193716000,-0.000202418000000,0.000008106290000,3.000000000000000,3005.000000000000000
171.000000000000000,1.500000000000000,0.000007629450000,0.000000000000000,2.550000000000000,0.000189901000000,0.000000000000000,177.569999999999993,0.000007621970000,0.000000335278000,-0.000189901000000,0.000007987080000,3.000000000000000,3005.000000000000000
171.000000000000000,1.500000000000000,0.000007152590000,0.000000000000000,1.122000000000000,0.000183106000000,0.000000000000000,177.473999999999989,0.000007152590000,0.000000134111000,-0.000183106000000,0.000007987080000,3.000000000000000,3005.000000000000000
180.000000000000000,1.500000000000000,0.000005662470000,0.000000000000000,2.898000000000000,0.000123144000000,0.000000000000000,176.310000000000002,0.000005655020000,0.000000283124000,-0.000123025000000,0.000007867870000,3.000000000000000,3005.000000000000000
180.000000000000000,1.500000000000000,0.000005126030000,0.000000000000000,0.966000000000000,0.000109673000000,0.000000000000000,175.818000000000012,0.000005126030000,0.000000081956800,-0.000109554000000,0.000007987080000,3.000000000000000,3005.000000000000000
180.000000000000000,1.500000000000000,0.000004515080000,0.000000000000000,-3.042000000000000,0.000102282000000,0.000000000000000,175.481999999999999,0.000004507630000,-0.000000245871000,-0.000102163000000,0.000007987080000,3.000000000000000,3005.000000000000000
189.000000000000000,1.500000000000000,0.000002965350000,0.000000000000000,6.840000000000000,0.000043034800000,0.000000000000000,169.752000000000009,0.000002942990000,0.000000350179000,-0.000042438700000,0.000007629450000,3.000000000000000,3005.000000000000000
189.000000000000000,1.500000000000000,0.000002510860000,0.000000000000000,2.886000000000000,0.000029921600000,0.000000000000000,165.192000000000007,0.000002510860000,0.000000126661000,-0.000029087200000,0.000007629450000,3.000000000000000,3005.000000000000000
189.000000000000000,1.500000000000000,0.000002376750000,0.000000000000000,0.318000000000000,0.000023126700000,0.000000000000000,160.469999999999999,0.000002376750000,0.000000007450640,-0.000021815400000,0.000007629450000,3.000000000000000,3005.000000000000000
198.000000000000000,1.500000000000000,0.000002980250000,0.000000000000000,4.602000000000000,0.000032306000000,0.000000000000000,12.834000000000000,0.000002972800000,0.000000238420000,0.000031590700000,0.000007152590000,3.000000000000000,3005.000000000000000
198.000000000000000,1.500000000000000,0.000002942990000,0.000000000000000,5.322000000000000,0.000043988500000,0.000000000000000,9.504000000000000,0.000002928090000,0.000000268223000,0.000043392400000,0.000007152590000,3.000000000000000,3005.000000000000000
198.000000000000000,1.500000000000000,0.000002607720000,0.000000000000000,5.418000000000000,0.000050545000000,0.000000000000000,8.183999999999999,0.000002592820000,0.000000245871000,0.000049948900000,0.000007152590000,3.000000000000000,3005.000000000000000
207.000000000000000,1.500000000000000,0.000003658250000,0.000000000000000,8.279999999999999,0.000092745300000,0.000000000000000,4.404000000000000,0.000003613550000,0.000000521544000,0.000092506900000,0.000007033380000,3.000000000000000,3005.000000000000000
207.000000000000000,1.500000000000000,0.000003814730000,0.000000000000000,13.842000000000001,0.000101805000000,0.000000000000000,4.014000000000000,0.000003702950000,0.000000908974000,0.000101567000000,0.000007033380000,3.000000000000000,3005.000000000000000
207.000000000000000,1.500000000000000,0.000004254310000,0.000000000000000,12.750000000000000,0.000106812000000,0.000000000000000,3.864000000000000,0.000004150000000,0.000000938777000,0.000106574000000,0.000007152590000,3.000000000000000,3005.000000000000000
216.000000000000000,1.500000000000000,0.000005506010000,0.000000000000000,7.866000000000000,0.000133515000000,0.000000000000000,2.976000000000000,0.000005446400000,0.000000752512000,0.000133277000000,0.000006914170000,3.000000000000000,3005.000000000000000
216.000000000000000,1.500000000000000,0.000005677370000,0.000000000000000,4.038000000000000,0.000139118000000,0.000000000000000,2.832000000000000,0.000005662470000,0.000000394883000,0.000138880000000,0.000006794960000,3.000000000000000,3005.000000000000000
216.000000000000000,1.500000000000000,0.000005774230000,0.000000000000000,1.782000000000000,0.000142098000000,0.000000000000000,2.742000000000000,0.000005774230000,0.000000178815000,0.000141979000000,0.000006794960000,3.000000000000000,3005.000000000000000
225.000000000000000,1.500000000000000,0.000005848730000,0.000000000000000,7.530000000000000,0.000151278000000,0.000000000000000,2.526000000000000,0.000005796580000,0.000000759963000,0.000151158000000,0.000006556540000,3.000000000000000,3005.000000000000000
225.000000000000000,1.500000000000000,0.000006109510000,0.000000000000000,5.256000000000000,0.000152946000000,0.000000000000000,2.520000000000000,0.000006079700000,0.000000558797000,0.000152827000000,0.000006675750000,3.000000000000000,3005.000000000000000
225.000000000000000,1.500000000000000,0.000006459680000,0.000000000000000,3.606000000000000,0.000153900000000,0.000000000000000,2.532000000000000,0.000006452230000,0.000000402333000,0.000153781000000,0.000006794960000,3.000000000000000,3005.000000000000000
234.000000000000000,1.500000000000000,0.000007160040000,0.000000000000000,7.218000000000000,0.000144840000000,0.000000000000000,2.766000000000000,0.000007100430000,0.000000894073000,0.000144721000000,0.000006914170000,3.000000000000000,3005.000000000000000
234.000000000000000,1.500000000000000,0.000006876910000,0.000000000000000,8.916000000000000,0.000142218000000,0.000000000000000,2.820000000000000,0.000006794960000,0.000001065440000,0.000142098000000,0.000006914170000,3.000000000000000,3005.000000000000000
234.000000000000000,1.500000000000000,0.000006511840000,0.000000000000000,9.192000000000000,0.000140787000000,0.000000000000000,2.850000000000000,0.000006422430000,0.000001035640000,0.000140549000000,0.000006914170000,3.000000000000000,3005.000000000000000
243.000000000000000,1.500000000000000,0.000005155830000,0.000000000000000,-0.516000000000000,0.000114203000000,0.000000000000000,3.546000000000000,0.000005155830000,-0.000000052154300,0.000113965000000,0.000007033380000,3.000000000000000,3005.000000000000000
243.000000000000000,1.500000000000000,0.000004604490000,0.000000000000000,0.582000000000000,0.000107766000000,0.000000000000000,3.798000000000000,0.000004604490000,0.000000044703700,0.000107408000000,0.000007033380000,3.000000000000000,3005.000000000000000
243.000000000000000,1.500000000000000,0.000004388420000,0.000000000000000,4.350000000000000,0.000103951000000,0.000000000000000,3.966000000000000,0.000004373520000,0.000000327827000,0.000103713000000,0.000007152590000,3.000000000000000,3005.000000000000000
252.000000000000000,1.500000000000000,0.000003598640000,0.000000000000000,11.100000000000000,0.000063062200000,0.000000000000000,6.612000000000000,0.000003531590000,0.000000692908000,0.000062585300000,0.000007152590000,3.000000000000000,3005.000000000000000
252.000000000000000,1.500000000000000,0.000003673150000,0.000000000000000,12.875999999999999,0.000053525200000,0.000000000000000,7.800000000000000,0.000003583740000,0.000000819568000,0.000053048400000,0.000007152590000,3.000000000000000,3005.000000000000000
252.000000000000000,1.500000000000000,0.000003986090000,0.000000000000000,11.760000000000000,0.000048399200000,0.000000000000000,8.622000000000000,0.000003904130000,0.000000812117000,0.000047922400000,0.000007152590000,3.000000000000000,3005.000000000000000
261.000000000000000,1.500000000000000,0.000003628450000,0.000000000000000,7.386000000000000,0.000008821550000,0.000000000000000,122.501999999999995,0.000003598640000,0.000000461938000,-0.000004887610000,0.000007510210000,3.000000000000000,3005.000000000000000
261.000000000000000,1.500000000000000,0.000003501790000,0.000000000000000,6.882000000000000,0.000018358300000,0.000000000000000,155.849999999999994,0.000003479440000,0.000000417234000,-0.000016808600000,0.000007510210000,3.000000000000000,3005.000000000000000
261.000000000000000,1.500000000000000,0.000003322970000,0.000000000000000,11.220000000000001,0.000024438000000,0.000000000000000,162.108000000000004,0.000003255920000,0.000000640754000,-0.000023365100000,0.000007510210000,3.000000000000000,3005.000000000000000
270.000000000000000,1.500000000000000,0.000004075500000,0.000000000000000,-8.076000000000001,0.000082374100000,0.000000000000000,174.617999999999995,0.000004038240000,-0.000000573698000,-0.000082135700000,0.000007629450000,3.000000000000000,3005.000000000000000
270.000000000000000,1.500000000000000,0.000004641740000,0.000000000000000,-6.678000000000000,0.000095606300000,0.000000000000000,175.325999999999993,0.000004611940000,-0.000000543896000,-0.000095367900000,0.000007748660000,3.000000000000000,3005.000000000000000
270.000000000000000,1.500000000000000,0.000005252690000,0.000000000000000,-5.094000000000000,0.000102878000000,0.000000000000000,175.584000000000003,0.000005230340000,-0.000000469388000,-0.000102759000000,0.000007867870000,3.000000000000000,3005.000000000000000
279.000000000000000,1.500000000000000,0.000007487860000,0.000000000000000,2.700000000000000,0.000162483000000,0.000000000000000,177.156000000000006,0.000007480410000,0.000000350179000,-0.000162364000000,0.000007987080000,3.000000000000000,3005.000000000000000
279.000000000000000,1.500000000000000,0.000008247850000,0.000000000000000,1.620000000000000,0.000175954000000,0.000000000000000,177.354000000000013,0.000008247850000,0.000000230969000,-0.000175835000000,0.000008106290000,3.000000000000000,3005.000000000000000
279.000000000000000,1.500000000000000,0.000008687440000,0.000000000000000,3.342000000000000,0.000183345000000,0.000000000000000,177.437999999999988,0.000008672530000,0.000000506643000,-0.000183345000000,0.000008106290000,3.000000000000000,3005.000000000000000
288.000000000000000,1.500000000000000,0.000009834820000,0.000000000000000,-0.192000000000000,0.000237227000000,0.000000000000000,177.954000000000008,0.000009834820000,-0.000000037253100,-0.000237227000000,0.000008463920000,3.000000000000000,3005.000000000000000
288.000000000000000,1.500000000000000,0.000010758700000,0.000000000000000,-0.354000000000000,0.000249149000000,0.000000000000000,178.038000000000011,0.000010758700000,-0.000000067055700,-0.000249149000000,0.000008463920000,3.000000000000000,3005.000000000000000
288.000000000000000,1.500000000000000,0.000011474000000,0.000000000000000,-1.296000000000000,0.000255706000000,0.000000000000000,178.056000000000011,0.000011474000000,-0.000000260772000,-0.000255706000000,0.000008583130000,3.000000000000000,3005.000000000000000
297.000000000000000,1.500000000000000,0.000013329100000,0.000000000000000,2.262000000000000,0.000300052000000,0.000000000000000,178.331999999999993,0.000013314200000,0.000000521544000,-0.000300052000000,0.000008702340000,3.000000000000000,3005.000000000000000
297.000000000000000,1.500000000000000,0.000013746400000,0.000000000000000,1.998000000000000,0.000309588000000,0.000000000000000,178.373999999999995,0.000013738900000,0.000000476841000,-0.000309588000000,0.000008702340000,3.000000000000000,3005.000000000000000
297.000000000000000,1.500000000000000,0.000013843200000,0.000000000000000,1.764000000000000,0.000314714000000,0.000000000000000,178.397999999999996,0.000013835800000,0.000000424685000,-0.000314714000000,0.000008702340000,3.000000000000000,3005.000000000000000
306.000000000000000,1.500000000000000,0.000014655400000,0.000000000000000,-0.468000000000000,0.000344040000000,0.000000000000000,178.536000000000001,0.000014655400000,-0.000000126661000,-0.000344040000000,0.000008702340000,3.000000000000000,3005.000000000000000
306.000000000000000,1.500000000000000,0.000015124700000,0.000000000000000,-0.834000000000000,0.000350000000000,0.000000000000000,178.536000000000001,0.000015124700000,-0.000000223518000,-0.000350000000000,0.000008821550000,3.000000000000000,3005.000000000000000
306.000000000000000,1.500000000000000,0.000015475000000,0.000000000000000,-1.752000000000000,0.000353338000000,0.000000000000000,178.542000000000001,0.000015467500000,-0.000000476841000,-0.000353338000000,0.000008940750000,3.000000000000000,3005.000000000000000
315.000000000000000,1.500000000000000,0.000015258900000,0.000000000000000,-0.348000000000000,0.000364425000000,0.000000000000000,178.626000000000005,0.000015258900000,-0.000000096858000,-0.000364425000000,0.000008702340000,3.000000000000000,3005.000000000000000
315.000000000000000,1.500000000000000,0.000015698500000,0.000000000000000,-0.804000000000000,0.000366332000000,0.000000000000000,178.644000000000005,0.000015698500000,-0.000000223518000,-0.000366332000000,0.000008583130000,3.000000000000000,3005.000000000000000
315.000000000000000,1.500000000000000,0.000015944400000,0.000000000000000,-2.154000000000000,0.000367286000000,0.000000000000000,178.638000000000005,0.000015929500000,-0.000000603501000,-0.000367286000000,0.000008702340000,3.000000000000000,3005.000000000000000
324.000000000000000,1.500000000000000,0.000015765500000,0.000000000000000,0.558000000000000,0.000359418000000,0.000000000000000,178.584000000000003,0.000015765500000,0.000000149013000,-0.000359418000000,0.000008821550000,3.000000000000000,3005.000000000000000
324.000000000000000,1.500000000000000,0.000015422800000,0.000000000000000,0.696000000000000,0.000357034000000,0.000000000000000,178.566000000000002,0.000015422800000,0.000000186265000,-0.000356914000000,0.000008821550000,3.000000000000000,3005.000000000000000
324.000000000000000,1.500000000000000,0.000015042800000,0.000000000000000,1.044000000000000,0.000355603000000,0.000000000000000,178.530000000000001,0.000015042800000,0.000000268223000,-0.000355603000000,0.000009059960000,3.000000000000000,3005.000000000000000
333.000000000000000,1.500000000000000,0.000015646300000,0.000000000000000,0.462000000000000,0.000328662000000,0.000000000000000,178.445999999999998,0.000015646300000,0.000000126661000,-0.000328662000000,0.000008821550000,3.000000000000000,3005.000000000000000
333.000000000000000,1.500000000000000,0.000015139600000,0.000000000000000,0.402000000000000,0.000322225000000,0.000000000000000,178.433999999999997,0.000015139600000,0.000000104309000,-0.000322225000000,0.000008702340000,3.000000000000000,3005.000000000000000
333.000000000000000,1.500000000000000,0.000014886300000,0.000000000000000,0.486000000000000,0.000318529000000,0.000000000000000,178.427999999999997,0.000014886300000,0.000000126661000,-0.000318529000000,0.000008702340000,3.000000000000000,3005.000000000000000
342.000000000000000,1.500000000000000,0.000014044400000,0.000000000000000,1.416000000000000,0.000275852000000,0.000000000000000,178.199999999999988,0.000014037000000,0.000000342729000,-0.000275852000000,0.000008583130000,3.000000000000000,3005.000000000000000
342.000000000000000,1.500000000000000,0.000013545200000,0.000000000000000,-0.510000000000000,0.000265839000000,0.000000000000000,178.145999999999986,0.000013545200000,-0.000000126661000,-0.000265839000000,0.000008583130000,3.000000000000000,3005.000000000000000
342.000000000000000,1.500000000000000,0.000013426000000,0.000000000000000,-2.988000000000000,0.000260355000000,0.000000000000000,178.122000000000014,0.000013411100000,-0.000000700358000,-0.000260355000000,0.000008463920000,3.000000000000000,3005.000000000000000
351.000000000000000,1.500000000000000,0.000012047600000,0.000000000000000,-0.918000000000000,0.000205637000000,0.000000000000000,177.695999999999998,0.000012047600000,-0.000000193716000,-0.000205637000000,0.000008225500000,3.000000000000000,3005.000000000000000
351.000000000000000,1.500000000000000,0.000011369600000,0.000000000000000,-0.168000000000000,0.000193120000000,0.000000000000000,177.545999999999992,0.000011369600000,-0.000000037253100,-0.000193001000000,0.000008225500000,3.000000000000000,3005.000000000000000
351.000000000000000,1.500000000000000,0.000010892800000,0.000000000000000,0.528000000000000,0.000186206000000,0.000000000000000,177.455999999999989,0.000010892800000,0.000000096858000,-0.000186206000000,0.000008225500000,3.000000000000000,3005.000000000000000
360.000000000000000,1.500000000000000,0.000007703960000,0.000000000000000,-1.290000000000000,0.000126363000000,0.000000000000000,176.376000000000005,0.000007703960000,-0.000000178815000,-0.000126244000000,0.000007987080000,3.000000000000000,3005.000000000000000
360.000000000000000,1.500000000000000,0.000006645950000,0.000000000000000,-2.124000000000000,0.000112772000000,0.000000000000000,176.003999999999990,0.000006645950000,-0.000000253322000,-0.000112653000000,0.000007748660000,3.000000000000000,3005.000000000000000
360.000000000000000,1.500000000000000,0.000006228710000,0.000000000000000,-1.044000000000000,0.000105381000000,0.000000000000000,175.722000000000008,0.000006228710000,-0.000000119210000,-0.000105143000000,0.000007748660000,3.000000000000000,3005.000000000000000
0.000000000000000,1.000000000000000,0.000008083940000,0.000000000000000,2.832000000000000,0.000039696900000,0.000000000000000,169.068000000000012,0.000008076490000,0.000000394883000,-0.000039100900000,0.000007510210000,3.000000000000000,3005.000000000000000
0.000000000000000,1.000000000000000,0.000006765160000,0.000000000000000,3.786000000000000,0.000028848800000,0.000000000000000,164.777999999999991,0.000006750260000,0.000000439586000,-0.000028014300000,0.000007510210000,3.000000000000000,3005.000000000000000
0.000000000000000,1.000000000000000,0.000005923240000,0.000000000000000,5.424000000000000,0.000022888300000,0.000000000000000,160.457999999999998,0.000005893440000,0.000000558797000,-0.000021696200000,0.000007629450000,3.000000000000000,3005.000000000000000
9.000000000000000,1.000000000000000,0.000005088780000,0.000000000000000,4.050000000000000,0.000032067500000,0.000000000000000,13.314000000000000,0.000005073870000,0.000000357630000,0.000031233100000,0.000007391010000,3.000000000000000,3005.000000000000000
9.000000000000000,1.000000000000000,0.000005371900000,0.000000000000000,3.126000000000000,0.000043511600000,0.000000000000000,9.762000000000000,0.000005364450000,0.000000290574000,0.000042915600000,0.000007391010000,3.000000000000000,3005.000000000000000
9.000000000000000,1.000000000000000,0.000005513460000,0.000000000000000,4.014000000000000,0.000049829700000,0.000000000000000,8.442000000000000,0.000005506010000,0.000000379981000,0.000049352900000,0.000007271800000,3.000000000000000,3005.000000000000000
18.000000000000000,1.000000000000000,0.000005573060000,0.000000000000000,-2.196000000000000,0.000092387700000,0.000000000000000,4.422000000000000,0.000005565610000,-0.000000216068000,0.000092149200000,0.000007033380000,3.000000000000000,3005.000000000000000
18.000000000000000,1.000000000000000,0.000005878540000,0.000000000000000,-0.258000000000000,0.000101567000000,0.000000000000000,3.984000000000000,0.000005878540000,-0.000000029802500,0.000101328000000,0.000007033380000,3.000000000000000,3005.000000000000000
18.000000000000000,1.000000000000000,0.000006243620000,0.000000000000000,0.552000000000000,0.000106693000000,0.000000000000000,3.762000000000000,0.000006243620000,0.000000059605100,0.000106454000000,0.000006914170000,3.000000000000000,3005.000000000000000
27.000000000000000,1.000000000000000,0.000006504390000,0.000000000000000,3.876000000000000,0.000133396000000,0.000000000000000,3.006000000000000,0.000006489480000,0.000000439586000,0.000133158000000,0.000006914170000,3.000000000000000,3005.000000000000000
27.000000000000000,1.000000000000000,0.000006906720000,0.000000000000000,5.142000000000000,0.000138880000000,0.000000000000000,2.862000000000000,0.000006884370000,0.000000618402000,0.000138641000000,0.000006914170000,3.000000000000000,3005.000000000000000
27.000000000000000,1.000000000000000,0.000007219640000,0.000000000000000,5.034000000000000,0.000141979000000,0.000000000000000,2.742000000000000,0.000007189840000,0.000000633303000,0.000141741000000,0.000006794960000,3.000000000000000,3005.000000000000000
36.000000000000000,1.000000000000000,0.000007048280000,0.000000000000000,9.246000000000000,0.000151397000000,0.000000000000000,2.622000000000000,0.000006958870000,0.000001132500000,0.000151278000000,0.000006914170000,3.000000000000000,3005.000000000000000
36.000000000000000,1.000000000000000,0.000007048280000,0.000000000000000,7.440000000000000,0.000152827000000,0.000000000000000,2.622000000000000,0.000006988670000,0.000000908974000,0.000152708000000,0.000006914170000,3.000000000000000,3005.000000000000000
36.000000000000000,1.000000000000000,0.000006862010000,0.000000000000000,5.016000000000000,0.000153781000000,0.000000000000000,2.610000000000000,0.000006839660000,0.000000596050000,0.000153542000000,0.000006914170000,3.000000000000000,3005.000000000000000
45.000000000000000,1.000000000000000,0.000007227090000,0.000000000000000,0.210000000000000,0.000144840000000,0.000000000000000,2.796000000000000,0.000007227090000,0.000000022351900,0.000144721000000,0.000007033380000,3.000000000000000,3005.000000000000000
45.000000000000000,1.000000000000000,0.000007152590000,0.000000000000000,3.528000000000000,0.000142218000000,0.000000000000000,2.820000000000000,0.000007137690000,0.000000439586000,0.000142098000000,0.000006914170000,3.000000000000000,3005.000000000000000
45.000000000000000,1.000000000000000,0.000006943970000,0.000000000000000,6.060000000000000,0.000141026000000,0.000000000000000,2.790000000000000,0.000006899270000,0.000000730161000,0.000140787000000,0.000006794960000,3.000000000000000,3005.000000000000000
54.000000000000000,1.000000000000000,0.000006251070000,0.000000000000000,8.460000000000001,0.000114561000000,0.000000000000000,3.564000000000000,0.000006191460000,0.000000916425000,0.000114441000000,0.000007033380000,3.000000000000000,3005.000000000000000
54.000000000000000,1.000000000000000,0.000005461300000,0.000000000000000,7.074000000000000,0.000108123000000,0.000000000000000,3.780000000000000,0.000005424050000,0.000000670556000,0.000107885000000,0.000007033380000,3.000000000000000,3005.000000000000000
54.000000000000000,1.000000000000000,0.000005036620000,0.000000000000000,6.384000000000000,0.000104547000000,0.000000000000000,3.912000000000000,0.000004999370000,0.000000558797000,0.000104309000000,0.000007033380000,3.000000000000000,3005.000000000000000
63.000000000000000,1.000000000000000,0.000004157450000,0.000000000000000,-2.940000000000000,0.000063777400000,0.000000000000000,6.600000000000000,0.000004150000000,-0.000000216068000,0.000063300600000,0.000007271800000,3.000000000000000,3005.000000000000000
63.000000000000000,1.000000000000000,0.000003665700000,0.000000000000000,-5.112000000000000,0.000054240500000,0.000000000000000,7.830000000000000,0.000003650800000,-0.000000327827000,0.000053763600000,0.000007391010000,3.000000000000000,3005.000000000000000
63.000000000000000,1.000000000000000,0.000003434730000,0.000000000000000,-5.556000000000000,0.000049114500000,0.000000000000000,8.808000000000000,0.000003419830000,-0.000000335278000,0.000048518400000,0.000007510210000,3.000000000000000,3005.000000000000000
72.000000000000000,1.000000000000000,0.000004284110000,0.000000000000000,11.574000000000000,0.000008583130000,0.000000000000000,117.552000000000007,0.000004194710000,0.000000856820000,-0.000004053140000,0.000007629450000,3.000000000000000,3005.000000000000000
72.000000000000000,1.000000000000000,0.000003658250000,0.000000000000000,8.789999999999999,0.000017643100000,0.000000000000000,154.397999999999996,0.000003613550000,0.000000558797000,-0.000016093400000,0.000007629450000,3.000000000000000,3005.000000000000000
72.000000000000000,1.000000000000000,0.000003032400000,0.000000000000000,4.668000000000000,0.000023961200000,0.000000000000000,161.063999999999993,0.000003017500000,0.000000245871000,-0.000022769100000,0.000007748660000,3.000000000000000,3005.000000000000000
81.000000000000000,1.000000000000000,0.000004433120000,0.000000000000000,4.914000000000000,0.000081420400000,0.000000000000000,174.503999999999990,0.000004418220000,0.000000379981000,-0.000081062800000,0.000007748660000,3.000000000000000,3005.000000000000000
81.000000000000000,1.000000000000000,0.000004813100000,0.000000000000000,1.272000000000000,0.000094414200000,0.000000000000000,175.187999999999988,0.000004813100000,0.000000104309000,-0.000094295000000,0.000007867870000,3.000000000000000,3005.000000000000000
81.000000000000000,1.000000000000000,0.000005133480000,0.000000000000000,-1.632000000000000,0.000101805000000,0.000000000000000,175.530000000000001,0.000005133480000,-0.000000149013000,-0.000101567000000,0.000007867870000,3.000000000000000,3005.000000000000000
90.000000000000000,1.000000000000000,0.000007815720000,0.000000000000000,0.540000000000000,0.000161649000000,0.000000000000000,177.114000000000004,0.000007815720000,0.000000067055700,-0.000161530000000,0.000008106290000,3.000000000000000,3005.000000000000000
90.000000000000000,1.000000000000000,0.000008463920000,0.000000000000000,-1.896000000000000,0.000175000000000,0.000000000000000,177.383999999999986,0.000008456470000,-0.000000283124000,-0.000174881000000,0.000007987080000,3.000000000000000,3005.000000000000000
90.000000000000000,1.000000000000000,0.000008881150000,0.000000000000000,-2.064000000000000,0.000182391000000,0.000000000000000,177.509999999999991,0.000008873700000,-0.000000320377000,-0.000182272000000,0.000007867870000,3.000000000000000,3005.000000000000000
99.000000000000000,1.000000000000000,0.000010736300000,0.000000000000000,0.180000000000000,0.000236274000000,0.000000000000000,177.948000000000007,0.000010736300000,0.000000029802500,-0.000236274000000,0.000008463920000,3.000000000000000,3005.000000000000000
99.000000000000000,1.000000000000000,0.000011332400000,0.000000000000000,0.810000000000000,0.000248315000000,0.000000000000000,178.062000000000012,0.000011332400000,0.000000156463000,-0.000248196000000,0.000008344710000,3.000000000000000,3005.000000000000000
99.000000000000000,1.000000000000000,0.000011339800000,0.000000000000000,1.146000000000000,0.000254871000000,0.000000000000000,178.110000000000013,0.000011339800000,0.000000223518000,-0.000254871000000,0.000008344710000,3.000000000000000,3005.000000000000000
108.000000000000000,1.000000000000000,0.000013552700000,0.000000000000000,0.846000000000000,0.000299217000000,0.000000000000000,178.343999999999994,0.000013552700000,0.000000193716000,-0.000299217000000,0.000008583130000,3.000000000000000,3005.000000000000000
108.000000000000000,1.000000000000000,0.000014089100000,0.000000000000000,0.732000000000000,0.000308873000000,0.000000000000000,178.379999999999995,0.000014089100000,0.000000178815000,-0.000308873000000,0.000008702340000,3.000000000000000,3005.000000000000000
108.000000000000000,1.000000000000000,0.000014379700000,0.000000000000000,0.504000000000000,0.000314238000000,0.000000000000000,178.397999999999996,0.000014379700000,0.000000126661000,-0.000314118000000,0.000008702340000,3.000000000000000,3005.000000000000000
117.000000000000000,1.000000000000000,0.000015162000000,0.000000000000000,-1.032000000000000,0.000343205000000,0.000000000000000,178.542000000000001,0.000015162000000,-0.000000275673000,-0.000343205000000,0.000008702340000,3.000000000000000,3005.000000000000000
117.000000000000000,1.000000000000000,0.000015571800000,0.000000000000000,-0.612000000000000,0.000349166000000,0.000000000000000,178.548000000000002,0.000015571800000,-0.000000171364000,-0.000349166000000,0.000008821550000,3.000000000000000,3005.000000000000000
117.000000000000000,1.000000000000000,0.000015847500000,0.000000000000000,0.408000000000000,0.000352504000000,0.000000000000000,178.560000000000002,0.000015847500000,0.000000111759000,-0.000352385000000,0.000008821550000,3.000000000000000,3005.000000000000000
126.000000000000000,1.000000000000000,0.000015668700000,0.000000000000000,1.440000000000000,0.000363471000000,0.000000000000000,178.590000000000003,0.000015661200000,0.000000387432000,-0.000363471000000,0.000008821550000,3.000000000000000,3005.000000000000000
126.000000000000000,1.000000000000000,0.000015720800000,0.000000000000000,1.770000000000000,0.000365378000000,0.000000000000000,178.596000000000003,0.000015713400000,0.000000484291000,-0.000365378000000,0.000008821550000,3.000000000000000,3005.000000000000000
126.000000000000000,1.000000000000000,0.000015743200000,0.000000000000000,1.914000000000000,0.000366570000000,0.000000000000000,178.602000000000004,0.000015735700000,0.000000521544000,-0.000366451000000,0.000008821550000,3.000000000000000,3005.000000000000000
135.000000000000000,1.000000000000000,0.000014610600000,0.000000000000000,1.176000000000000,0.000357868000000,0.000000000000000,178.602000000000004,0.000014610600000,0.000000298025000,-0.000357868000000,0.000008702340000,3.000000000000000,3005.000000000000000
135.000000000000000,1.000000000000000,0.000014610600000,0.000000000000000,0.342000000000000,0.000355126000000,0.000000000000000,178.578000000000003,0.000014610600000,0.000000081956800,-0.000355126000000,0.000008702340000,3.000000000000000,3005.000000000000000
135.000000000000000,1.000000000000000,0.000014633000000,0.000000000000000,-0.498000000000000,0.000353696000000,0.000000000000000,178.566000000000002,0.000014633000000,-0.000000134111000,-0.000353696000000,0.000008821550000,3.000000000000000,3005.000000000000000
144.000000000000000,1.000000000000000,0.000013761300000,0.000000000000000,0.168000000000000,0.000326039000000,0.000000000000000,178.451999999999998,0.000013761300000,0.000000037253100,-0.000325920000000,0.000008702340000,3.000000000000000,3005.000000000000000
144.000000000000000,1.000000000000000,0.000013358900000,0.000000000000000,0.972000000000000,0.000319244000000,0.000000000000000,178.433999999999997,0.000013358900000,0.000000223518000,-0.000319125000000,0.000008702340000,3.000000000000000,3005.000000000000000
144.000000000000000,1.000000000000000,0.000013098200000,0.000000000000000,1.224000000000000,0.000315430000000,0.000000000000000,178.427999999999997,0.000013098200000,0.000000275673000,-0.000315430000000,0.000008583130000,3.000000000000000,3005.000000000000000
153.000000000000000,1.000000000000000,0.000011570800000,0.000000000000000,-3.498000000000000,0.000272037000000,0.000000000000000,178.247999999999990,0.000011548500000,-0.000000707809000,-0.000271918000000,0.000008225500000,3.000000000000000,3005.000000000000000
153.000000000000000,1.000000000000000,0.000010945000000,0.000000000000000,-4.506000000000000,0.000261905000000,0.000000000000000,178.205999999999989,0.000010907700000,-0.000000864271000,-0.000261785000000,0.000008106290000,3.000000000000000,3005.000000000000000
153.000000000000000,1.000000000000000,0.000010706500000,0.000000000000000,-2.958000000000000,0.000256183000000,0.000000000000000,178.163999999999987,0.000010699100000,-0.000000558797000,-0.000256183000000,0.000008106290000,3.000000000000000,3005.000000000000000
162.000000000000000,1.000000000000000,0.000007852970000,0.000000000000000,-2.868000000000000,0.000200749000000,0.000000000000000,177.677999999999997,0.000007845520000,-0.000000394883000,-0.000200749000000,0.000008106290000,3.000000000000000,3005.000000000000000
162.000000000000000,1.000000000000000,0.000007517660000,0.000000000000000,-5.952000000000000,0.000188113000000,0.000000000000000,177.563999999999993,0.000007472960000,-0.000000782315000,-0.000187994000000,0.000007987080000,3.000000000000000,3005.000000000000000
162.000000000000000,1.000000000000000,0.000007137690000,0.000000000000000,-6.108000000000000,0.000181080000000,0.000000000000000,177.449999999999988,0.000007092980000,-0.000000767413000,-0.000181080000000,0.000007987080000,3.000000000000000,3005.000000000000000
171.000000000000000,1.000000000000000,0.000004261760000,0.000000000000000,4.122000000000000,0.000120998000000,0.000000000000000,176.244000000000000,0.000004246860000,0.000000305476000,-0.000120879000000,0.000007867870000,3.000000000000000,3005.000000000000000
171.000000000000000,1.000000000000000,0.000003643350000,0.000000000000000,3.564000000000000,0.000107408000000,0.000000000000000,175.806000000000011,0.000003635900000,0.000000223518000,-0.000107289000000,0.000007748660000,3.000000000000000,3005.000000000000000
171.000000000000000,1.000000000000000,0.000003300620000,0.000000000000000,0.228000000000000,0.000100136000000,0.000000000000000,175.536000000000001,0.000003300620000,0.000000007450640,-0.000099897900000,0.000007748660000,3.000000000000000,3005.000000000000000
180.000000000000000,1.000000000000000,0.000002518310000,0.000000000000000,-5.772000000000000,0.000041008200000,0.000000000000000,169.325999999999993,0.000002503410000,-0.000000260772000,-0.000040412200000,0.000007510210000,3.000000000000000,3005.000000000000000
180.000000000000000,1.000000000000000,0.000002168130000,0.000000000000000,-2.988000000000000,0.000028014300000,0.000000000000000,164.580000000000012,0.000002168130000,-0.000000119210000,-0.000027179800000,0.000007391010000,3.000000000000000,3005.000000000000000
180.000000000000000,1.000000000000000,0.000002145780000,0.000000000000000,6.594000000000000,0.000020981000000,0.000000000000000,159.443999999999988,0.000002130880000,0.000000245871000,-0.000019788900000,0.000007391010000,3.000000000000000,3005.000000000000000
189.000000000000000,1.000000000000000,0.000002861040000,0.000000000000000,17.297999999999998,0.000034451700000,0.000000000000000,12.180000000000000,0.000002734380000,0.000000849370000,0.000033617300000,0.000007152590000,3.000000000000000,3005.000000000000000
189.000000000000000,1.000000000000000,0.000002749280000,0.000000000000000,14.004000000000000,0.000045895800000,0.000000000000000,9.023999999999999,0.000002667320000,0.000000663105000,0.000045299800000,0.000007152590000,3.000000000000000,3005.000000000000000
189.000000000000000,1.000000000000000,0.000002697120000,0.000000000000000,13.146000000000001,0.000052213900000,0.000000000000000,7.842000000000000,0.000002622620000,0.000000610951000,0.000051737100000,0.000007033380000,3.000000000000000,3005.000000000000000
198.000000000000000,1.000000000000000,0.000003859430000,0.000000000000000,6.732000000000000,0.000094295000000,0.000000000000000,4.458000000000000,0.000003837080000,0.000000447037000,0.000094056600000,0.000007271800000,3.000000000000000,3005.000000000000000
198.000000000000000,1.000000000000000,0.000003770010000,0.000000000000000,3.846000000000000,0.000103236000000,0.000000000000000,4.038000000000000,0.000003762560000,0.000000253322000,0.000102878000000,0.000007152590000,3.000000000000000,3005.000000000000000
198.000000000000000,1.000000000000000,0.000003762560000,0.000000000000000,1.320000000000000,0.000108123000000,0.000000000000000,3.816000000000000,0.000003762560000,0.000000081956800,0.000107885000000,0.000007152590000,3.000000000000000,3005.000000000000000
207.000000000000000,1.000000000000000,0.000005483660000,0.000000000000000,5.784000000000000,0.000134707000000,0.000000000000000,2.946000000000000,0.000005453850000,0.000000551347000,0.000134588000000,0.000006914170000,3.000000000000000,3005.000000000000000
207.000000000000000,1.000000000000000,0.000005595420000,0.000000000000000,5.736000000000000,0.000140072000000,0.000000000000000,2.862000000000000,0.000005573060000,0.000000558797000,0.000139833000000,0.000006914170000,3.000000000000000,3005.000000000000000
207.000000000000000,1.000000000000000,0.000005610320000,0.000000000000000,6.618000000000000,0.000142933000000,0.000000000000000,2.832000000000000,0.000005573060000,0.000000640754000,0.000142694000000,0.000007033380000,3.000000000000000,3005.000000000000000
216.000000000000000,1.000000000000000,0.000006616140000,0.000000000000000,10.032000000000000,0.000151754000000,0.000000000000000,2.664000000000000,0.000006519290000,0.000001147400000,0.000151635000000,0.000007033380000,3.000000000000000,3005.000000000000000
216.000000000000000,1.000000000000000,0.000006631050000,0.000000000000000,8.442000000000000,0.000153304000000,0.000000000000000,2.616000000000000,0.000006556540000,0.000000968583000,0.000153185000000,0.000006914170000,3.000000000000000,3005.000000000000000
216.000000000000000,1.000000000000000,0.000006496940000,0.000000000000000,5.472000000000000,0.000154139000000,0.000000000000000,2.574000000000000,0.000006467130000,0.000000618402000,0.000154019000000,0.000006914170000,3.000000000000000,3005.000000000000000
225.000000000000000,1.000000000000000,0.000006422430000,0.000000000000000,5.952000000000000,0.000144959000000,0.000000000000000,2.742000000000000,0.000006392630000,0.000000663105000,0.000144840000000,0.000006914170000,3.000000000000000,3005.000000000000000
225.000000000000000,1.000000000000000,0.000006504390000,0.000000000000000,5.352000000000000,0.000142456000000,0.000000000000000,2.820000000000000,0.000006474580000,0.000000603501000,0.000142218000000,0.000006914170000,3.000000000000000,3005.000000000000000
225.000000000000000,1.000000000000000,0.000006437330000,0.000000000000000,4.806000000000000,0.000141026000000,0.000000000000000,2.790000000000000,0.000006414980000,0.000000536445000,0.000140787000000,0.000006794960000,3.000000000000000,3005.000000000000000
234.000000000000000,1.000000000000000,0.000006079700000,0.000000000000000,4.902000000000000,0.000114680000000,0.000000000000000,3.564000000000000,0.000006064800000,0.000000514094000,0.000114441000000,0.000007033380000,3.000000000000000,3005.000000000000000
234.000000000000000,1.000000000000000,0.000005789130000,0.000000000000000,1.518000000000000,0.000108362000000,0.000000000000000,3.810000000000000,0.000005789130000,0.000000149013000,0.000108123000000,0.000007152590000,3.000000000000000,3005.000000000000000
234.000000000000000,1.000000000000000,0.000005424050000,0.000000000000000,3.240000000000000,0.000104785000000,0.000000000000000,3.978000000000000,0.000005416600000,0.000000305476000,0.000104428000000,0.000007152590000,3.000000000000000,3005.000000000000000
243.000000000000000,1.000000000000000,0.000004686440000,0.000000000000000,10.734000000000000,0.000064254300000,0.000000000000000,6.486000000000000,0.000004604490000,0.000000871722000,0.000063896600000,0.000007152590000,3.000000000000000,3005.000000000000000
243.000000000000000,1.000000000000000,0.000003948840000,0.000000000000000,10.494000000000000,0.000054836500000,0.000000000000000,7.668000000000000,0.000003881780000,0.000000715259000,0.000054359700000,0.000007271800000,3.000000000000000,3005.000000000000000
243.000000000000000,1.000000000000000,0.000003643350000,0.000000000000000,7.464000000000000,0.000049591300000,0.000000000000000,8.640000000000001,0.000003606100000,0.000000469388000,0.000049114500000,0.000007391010000,3.000000000000000,3005.000000000000000
252.000000000000000,1.000000000000000,0.000004068050000,0.000000000000000,-0.936000000000000,0.000007987080000,0.000000000000000,112.067999999999998,0.000004068050000,-0.000000067055700,-0.000003099460000,0.000007391010000,3.000000000000000,3005.000000000000000
252.000000000000000,1.000000000000000,0.000004030790000,0.000000000000000,-2.940000000000000,0.000016451000000,0.000000000000000,153.641999999999996,0.000004023340000,-0.000000208617000,-0.000014901200000,0.000007271800000,3.000000000000000,3005.000000000000000
252.000000000000000,1.000000000000000,0.000003993540000,0.000000000000000,-2.580000000000000,0.000022530700000,0.000000000000000,160.812000000000012,0.000003986090000,-0.000000186265000,-0.000021338600000,0.000007391010000,3.000000000000000,3005.000000000000000
261.000000000000000,1.000000000000000,0.000005081330000,0.000000000000000,-4.740000000000000,0.000080347500000,0.000000000000000,174.431999999999988,0.000005066420000,-0.000000424685000,-0.000080109100000,0.000007748660000,3.000000000000000,3005.000000000000000
261.000000000000000,1.000000000000000,0.000005483660000,0.000000000000000,-3.270000000000000,0.000093222100000,0.000000000000000,175.122000000000014,0.000005476210000,-0.000000320377000,-0.000093102900000,0.000007867870000,3.000000000000000,3005.000000000000000
261.000000000000000,1.000000000000000,0.000005304840000,0.000000000000000,-0.576000000000000,0.000100494000000,0.000000000000000,175.361999999999995,0.000005304840000,-0.000000059605100,-0.000100255000000,0.000008106290000,3.000000000000000,3005.000000000000000
270.000000000000000,1.000000000000000,0.000007182390000,0.000000000000000,0.054000000000000,0.000160218000000,0.000000000000000,177.066000000000002,0.000007182390000,0.000000000000000,-0.000160099000000,0.000008106290000,3.000000000000000,3005.000000000000000
270.000000000000000,1.000000000000000,0.000007771010000,0.000000000000000,1.230000000000000,0.000173570000000,0.000000000000000,177.294000000000011,0.000007771010000,0.000000163914000,-0.000173570000000,0.000008106290000,3.000000000000000,3005.000000000000000
270.000000000000000,1.000000000000000,0.000007979630000,0.000000000000000,1.530000000000000,0.000180841000000,0.000000000000000,177.342000000000013,0.000007979630000,0.000000208617000,-0.000180841000000,0.000008344710000,3.000000000000000,3005.000000000000000
279.000000000000000,1.000000000000000,0.000010483000000,0.000000000000000,-3.426000000000000,0.000234843000000,0.000000000000000,177.954000000000008,0.000010460700000,-0.000000633303000,-0.000234724000000,0.000008344710000,3.000000000000000,3005.000000000000000
279.000000000000000,1.000000000000000,0.000011168500000,0.000000000000000,-2.838000000000000,0.000246646000000,0.000000000000000,178.050000000000011,0.000011153600000,-0.000000558797000,-0.000246646000000,0.000008344710000,3.000000000000000,3005.000000000000000
279.000000000000000,1.000000000000000,0.000011667700000,0.000000000000000,-1.734000000000000,0.000253083000000,0.000000000000000,178.056000000000011,0.000011660200000,-0.000000357630000,-0.000253083000000,0.000008583130000,3.000000000000000,3005.000000000000000
288.000000000000000,1.000000000000000,0.000012517000000,0.000000000000000,-2.076000000000000,0.000297667000000,0.000000000000000,178.331999999999993,0.000012509600000,-0.000000454487000,-0.000297667000000,0.000008583130000,3.000000000000000,3005.000000000000000
288.000000000000000,1.000000000000000,0.000013142900000,0.000000000000000,-0.786000000000000,0.000307323000000,0.000000000000000,178.385999999999996,0.000013142900000,-0.000000186265000,-0.000307323000000,0.000008583130000,3.000000000000000,3005.000000000000000
288.000000000000000,1.000000000000000,0.000013493100000,0.000000000000000,-0.084000000000000,0.000312688000000,0.000000000000000,178.409999999999996,0.000013493100000,-0.000000022351900,-0.000312688000000,0.000008583130000,3.000000000000000,3005.000000000000000
297.000000000000000,1.000000000000000,0.000015124700000,0.000000000000000,1.212000000000000,0.000342490000000,0.000000000000000,178.548000000000002,0.000015117300000,0.000000312926000,-0.000342490000000,0.000008583130000,3.000000000000000,3005.000000000000000
297.000000000000000,1.000000000000000,0.000015229000000,0.000000000000000,1.056000000000000,0.000348451000000,0.000000000000000,178.566000000000002,0.000015229000000,0.000000275673000,-0.000348451000000,0.000008702340000,3.000000000000000,3005.000000000000000
297.000000000000000,1.000000000000000,0.000015162000000,0.000000000000000,0.126000000000000,0.000351788000000,0.000000000000000,178.554000000000002,0.000015162000000,0.000000029802500,-0.000351788000000,0.000008821550000,3.000000000000000,3005.000000000000000
306.000000000000000,1.000000000000000,0.000015847500000,0.000000000000000,-1.470000000000000,0.000363352000000,0.000000000000000,178.572000000000003,0.000015840100000,-0.000000409784000,-0.000363352000000,0.000009059960000,3.000000000000000,3005.000000000000000
306.000000000000000,1.000000000000000,0.000015989100000,0.000000000000000,-0.762000000000000,0.000365259000000,0.000000000000000,178.578000000000003,0.000015989100000,-0.000000216068000,-0.000365259000000,0.000009059960000,3.000000000000000,3005.000000000000000
306.000000000000000,1.000000000000000,0.000015787900000,0.000000000000000,-0.096000000000000,0.000366332000000,0.000000000000000,178.590000000000003,0.000015787900000,-0.000000029802500,-0.000366332000000,0.000008940750000,3.000000000000000,3005.000000000000000
315.000000000000000,1.000000000000000,0.000015661200000,0.000000000000000,-1.830000000000000,0.000358226000000,0.000000000000000,178.590000000000003,0.000015653800000,-0.000000506643000,-0.000358226000000,0.000008702340000,3.000000000000000,3005.000000000000000
315.000000000000000,1.000000000000000,0.000016085900000,0.000000000000000,-3.540000000000000,0.000355842000000,0.000000000000000,178.572000000000003,0.000016048700000,-0.000000998385000,-0.000355842000000,0.000008821550000,3.000000000000000,3005.000000000000000
315.000000000000000,1.000000000000000,0.000016153000000,0.000000000000000,-3.102000000000000,0.000354530000000,0.000000000000000,178.578000000000003,0.000016130600000,-0.000000879172000,-0.000354530000000,0.000008702340000,3.000000000000000,3005.000000000000000
324.000000000000000,1.000000000000000,0.000015884800000,0.000000000000000,0.648000000000000,0.000327708000000,0.000000000000000,178.427999999999997,0.000015884800000,0.000000178815000,-0.000327589000000,0.000008940750000,3.000000000000000,3005.000000000000000
324.000000000000000,1.000000000000000,0.000015385600000,0.000000000000000,2.112000000000000,0.000321032000000,0.000000000000000,178.403999999999996,0.000015370700000,0.000000566248000,-0.000321032000000,0.000008821550000,3.000000000000000,3005.000000000000000
324.000000000000000,1.000000000000000,0.000014878900000,0.000000000000000,2.772000000000000,0.000317337000000,0.000000000000000,178.397999999999996,0.000014864000000,0.000000715259000,-0.000317337000000,0.000008821550000,3.000000000000000,3005.000000000000000
333.000000000000000,1.000000000000000,0.000014431800000,0.000000000000000,-1.932000000000000,0.000274422000000,0.000000000000000,178.193999999999988,0.000014424400000,-0.000000491742000,-0.000274422000000,0.000008583130000,3.000000000000000,3005.000000000000000
333.000000000000000,1.000000000000000,0.000013969900000,0.000000000000000,-2.652000000000000,0.000264408000000,0.000000000000000,178.122000000000014,0.000013955000000,-0.000000655655000,-0.000264408000000,0.000008583130000,3.000000000000000,3005.000000000000000
333.000000000000000,1.000000000000000,0.000013545200000,0.000000000000000,-2.880000000000000,0.000258805000000,0.000000000000000,178.098000000000013,0.000013522900000,-0.000000685457000,-0.000258805000000,0.000008583130000,3.000000000000000,3005.000000000000000
342.000000000000000,1.000000000000000,0.000011459100000,0.000000000000000,0.396000000000000,0.000203610000000,0.000000000000000,177.671999999999997,0.000011459100000,0.000000074506300,-0.000203610000000,0.000008225500000,3.000000000000000,3005.000000000000000
342.000000000000000,1.000000000000000,0.000011034400000,0.000000000000000,0.588000000000000,0.000191093000000,0.000000000000000,177.539999999999992,0.000011034400000,0.000000111759000,-0.000190974000000,0.000008106290000,3.000000000000000,3005.000000000000000
342.000000000000000,1.000000000000000,0.000010602200000,0.000000000000000,2.196000000000000,0.000184060000000,0.000000000000000,177.425999999999988,0.000010594800000,0.000000402333000,-0.000183941000000,0.000008225500000,3.000000000000000,3005.000000000000000
351.000000000000000,1.000000000000000,0.000008784290000,0.000000000000000,3.174000000000000,0.000124217000000,0.000000000000000,176.244000000000000,0.000008769390000,0.000000484291000,-0.000124098000000,0.000008106290000,3.000000000000000,3005.000000000000000
351.000000000000000,1.000000000000000,0.000007920030000,0.000000000000000,4.098000000000000,0.000110627000000,0.000000000000000,175.854000000000013,0.000007905120000,0.000000566248000,-0.000110507000000,0.000007987080000,3.000000000000000,3005.000000000000000
351.000000000000000,1.000000000000000,0.000007241990000,0.000000000000000,1.740000000000000,0.000102997000000,0.000000000000000,175.584000000000003,0.000007234540000,0.000000216068000,-0.000102759000000,0.000007867870000,3.000000000000000,3005.000000000000000
360.000000000000000,1.000000000000000,0.000005692270000,0.000000000000000,-4.500000000000000,0.000043154000000,0.000000000000000,169.973999999999989,0.000005669920000,-0.000000447037000,-0.000042677200000,0.000007510210000,3.000000000000000,3005.000000000000000
360.000000000000000,1.000000000000000,0.000005252690000,0.000000000000000,-3.708000000000000,0.000030040900000,0.000000000000000,165.533999999999992,0.000005245240000,-0.000000342729000,-0.000029206400000,0.000007510210000,3.000000000000000,3005.000000000000000
360.000000000000000,1.000000000000000,0.000005207980000,0.000000000000000,-0.954000000000000,0.000023007500000,0.000000000000000,160.937999999999988,0.000005207980000,-0.000000089407400,-0.000021815400000,0.000007510210000,3.000000000000000,3005.000000000000000
