Angle,Magnet current (A),R2w,R2werr,Theta2w,R1w,R1werr,Theta1w,X2,Y2,X1,Y1,I_source (mA),f_source (Hz)
0.000000000000000,2.000000000000000,0.000126981000000,0.000000000000000,0.348000000000000,0.000022769100000,0.000000000000000,138.198000000000007,0.000126981000000,0.000000759963000,-0.000017047000000,0.000015139600000,6.000000000000000,3005.000000000000000
0.000000000000000,2.000000000000000,0.000118033000000,0.000000000000000,0.204000000000000,0.000061154800000,0.000000000000000,165.569999999999993,0.000118033000000,0.000000417234000,-0.000059366500000,0.000015258900000,6.000000000000000,3005.000000000000000
0.000000000000000,2.000000000000000,0.000089012600000,0.000000000000000,0.018000000000000,0.000121236000000,0.000000000000000,172.638000000000005,0.000089012600000,0.000000022351900,-0.000120283000000,0.000015497300000,6.000000000000000,3005.000000000000000
9.000000000000000,2.000000000000000,0.000016786300000,0.000000000000000,2.070000000000000,0.000120402000000,0.000000000000000,172.656000000000006,0.000016778800000,0.000000603501000,-0.000119567000000,0.000015378100000,6.000000000000000,3005.000000000000000
9.000000000000000,2.000000000000000,0.000014647900000,0.000000000000000,2.214000000000000,0.000094295000000,0.000000000000000,170.651999999999987,0.000014633000000,0.000000566248000,-0.000093222100000,0.000015258900000,6.000000000000000,3005.000000000000000
9.000000000000000,2.000000000000000,0.000013284400000,0.000000000000000,3.222000000000000,0.000079989900000,0.000000000000000,168.906000000000006,0.000013262100000,0.000000745062000,-0.000078559400000,0.000015378100000,6.000000000000000,3005.000000000000000
18.000000000000000,2.000000000000000,0.000011891200000,0.000000000000000,4.182000000000000,0.000036478300000,0.000000000000000,24.366000000000000,0.000011853900000,0.000000864271000,0.000033259600000,0.000015020400000,6.000000000000000,3005.000000000000000
18.000000000000000,2.000000000000000,0.000011377100000,0.000000000000000,5.310000000000000,0.000059724100000,0.000000000000000,14.550000000000001,0.000011332400000,0.000001050540000,0.000057697500000,0.000015020400000,6.000000000000000,3005.000000000000000
18.000000000000000,2.000000000000000,0.000010952400000,0.000000000000000,6.462000000000000,0.000072837300000,0.000000000000000,11.862000000000000,0.000010885400000,0.000001229350000,0.000071287600000,0.000014901200000,6.000000000000000,3005.000000000000000
27.000000000000000,2.000000000000000,0.000013508000000,0.000000000000000,11.034000000000001,0.000162960000000,0.000000000000000,5.280000000000000,0.000013262100000,0.000002585370000,0.000162245000000,0.000014901200000,6.000000000000000,3005.000000000000000
27.000000000000000,2.000000000000000,0.000014186000000,0.000000000000000,10.836000000000000,0.000182510000000,0.000000000000000,4.692000000000000,0.000013932600000,0.000002659870000,0.000181914000000,0.000014901200000,6.000000000000000,3005.000000000000000
27.000000000000000,2.000000000000000,0.000014498900000,0.000000000000000,10.728000000000000,0.000193239000000,0.000000000000000,4.428000000000000,0.000014245600000,0.000002697120000,0.000192643000000,0.000014901200000,6.000000000000000,3005.000000000000000
36.000000000000000,2.000000000000000,0.000015832600000,0.000000000000000,6.888000000000000,0.000255229000000,0.000000000000000,3.306000000000000,0.000015720800000,0.000001899910000,0.000254871000000,0.000014662800000,6.000000000000000,3005.000000000000000
36.000000000000000,2.000000000000000,0.000016868200000,0.000000000000000,7.170000000000000,0.000268223000000,0.000000000000000,3.132000000000000,0.000016734100000,0.000002101080000,0.000267865000000,0.000014662800000,6.000000000000000,3005.000000000000000
36.000000000000000,2.000000000000000,0.000017240800000,0.000000000000000,7.284000000000000,0.000275495000000,0.000000000000000,3.036000000000000,0.000017099200000,0.000002183030000,0.000275018000000,0.000014543600000,6.000000000000000,3005.000000000000000
45.000000000000000,2.000000000000000,0.000017672900000,0.000000000000000,7.194000000000000,0.000302436000000,0.000000000000000,2.754000000000000,0.000017538800000,0.000002212840000,0.000302078000000,0.000014424400000,6.000000000000000,3005.000000000000000
45.000000000000000,2.000000000000000,0.000017292900000,0.000000000000000,8.327999999999999,0.000307323000000,0.000000000000000,2.736000000000000,0.000017114100000,0.000002503410000,0.000306966000000,0.000014662800000,6.000000000000000,3005.000000000000000
45.000000000000000,2.000000000000000,0.000016972500000,0.000000000000000,8.808000000000000,0.000309946000000,0.000000000000000,2.712000000000000,0.000016771400000,0.000002592820000,0.000309708000000,0.000014662800000,6.000000000000000,3005.000000000000000
54.000000000000000,2.000000000000000,0.000016294500000,0.000000000000000,7.044000000000000,0.000299813000000,0.000000000000000,2.814000000000000,0.000016175300000,0.000001996770000,0.000299575000000,0.000014662800000,6.000000000000000,3005.000000000000000
54.000000000000000,2.000000000000000,0.000015892200000,0.000000000000000,8.220000000000001,0.000296595000000,0.000000000000000,2.844000000000000,0.000015735700000,0.000002272440000,0.000296237000000,0.000014662800000,6.000000000000000,3005.000000000000000
54.000000000000000,2.000000000000000,0.000015564400000,0.000000000000000,7.998000000000000,0.000294687000000,0.000000000000000,2.880000000000000,0.000015407900000,0.000002160680000,0.000294330000000,0.000014782000000,6.000000000000000,3005.000000000000000
63.000000000000000,2.000000000000000,0.000014439300000,0.000000000000000,8.712000000000000,0.000249030000000,0.000000000000000,3.420000000000000,0.000014267900000,0.000002183030000,0.000248553000000,0.000014782000000,6.000000000000000,3005.000000000000000
63.000000000000000,2.000000000000000,0.000013820900000,0.000000000000000,8.766000000000000,0.000237704000000,0.000000000000000,3.582000000000000,0.000013664400000,0.000002101080000,0.000237227000000,0.000014782000000,6.000000000000000,3005.000000000000000
63.000000000000000,2.000000000000000,0.000013358900000,0.000000000000000,9.071999999999999,0.000231505000000,0.000000000000000,3.696000000000000,0.000013187600000,0.000002101080000,0.000231029000000,0.000014901200000,6.000000000000000,3005.000000000000000
72.000000000000000,2.000000000000000,0.000010587300000,0.000000000000000,13.536000000000000,0.000153423000000,0.000000000000000,5.658000000000000,0.000010296800000,0.000002473610000,0.000152708000000,0.000015020400000,6.000000000000000,3005.000000000000000
72.000000000000000,2.000000000000000,0.000009670910000,0.000000000000000,15.222000000000000,0.000135303000000,0.000000000000000,6.420000000000000,0.000009328190000,0.000002533210000,0.000134350000000,0.000015020400000,6.000000000000000,3005.000000000000000
72.000000000000000,2.000000000000000,0.000008940750000,0.000000000000000,14.988000000000000,0.000125051000000,0.000000000000000,6.918000000000000,0.000008635280000,0.000002309690000,0.000124098000000,0.000015020400000,6.000000000000000,3005.000000000000000
81.000000000000000,2.000000000000000,0.000007964730000,0.000000000000000,14.789999999999999,0.000027656700000,0.000000000000000,33.420000000000002,0.000007696510000,0.000002026570000,0.000023126700000,0.000015258900000,6.000000000000000,3005.000000000000000
81.000000000000000,2.000000000000000,0.000007703960000,0.000000000000000,15.252000000000001,0.000015258900000,0.000000000000000,90.750000000000000,0.000007428260000,0.000002026570000,-0.000000238420000,0.000015258900000,6.000000000000000,3005.000000000000000
81.000000000000000,2.000000000000000,0.000007383550000,0.000000000000000,13.098000000000001,0.000020027300000,0.000000000000000,130.704000000000008,0.000007189840000,0.000001668940000,-0.000013232300000,0.000015258900000,6.000000000000000,3005.000000000000000
90.000000000000000,2.000000000000000,0.000010386200000,0.000000000000000,4.710000000000000,0.000131250000000,0.000000000000000,173.262000000000000,0.000010348900000,0.000000849370000,-0.000130416000000,0.000015378100000,6.000000000000000,3005.000000000000000
90.000000000000000,2.000000000000000,0.000011853900000,0.000000000000000,3.354000000000000,0.000157596000000,0.000000000000000,174.348000000000013,0.000011839000000,0.000000692908000,-0.000156880000000,0.000015497300000,6.000000000000000,3005.000000000000000
90.000000000000000,2.000000000000000,0.000012785300000,0.000000000000000,2.808000000000000,0.000172139000000,0.000000000000000,174.822000000000003,0.000012770400000,0.000000625852000,-0.000171543000000,0.000015497300000,6.000000000000000,3005.000000000000000
99.000000000000000,2.000000000000000,0.000016577700000,0.000000000000000,2.028000000000000,0.000290873000000,0.000000000000000,176.873999999999995,0.000016562800000,0.000000581149000,-0.000290634000000,0.000015855000000,6.000000000000000,3005.000000000000000
99.000000000000000,2.000000000000000,0.000017844300000,0.000000000000000,1.842000000000000,0.000317575000000,0.000000000000000,177.126000000000005,0.000017836800000,0.000000566248000,-0.000317337000000,0.000015855000000,6.000000000000000,3005.000000000000000
99.000000000000000,2.000000000000000,0.000018984200000,0.000000000000000,2.052000000000000,0.000332238000000,0.000000000000000,177.240000000000009,0.000018969300000,0.000000678006000,-0.000332000000000,0.000015974200000,6.000000000000000,3005.000000000000000
108.000000000000000,2.000000000000000,0.000020571200000,0.000000000000000,2.064000000000000,0.000445010000000,0.000000000000000,177.912000000000006,0.000020556300000,0.000000737611000,-0.000444891000000,0.000016093400000,6.000000000000000,3005.000000000000000
108.000000000000000,2.000000000000000,0.000020899000000,0.000000000000000,1.992000000000000,0.000469925000000,0.000000000000000,178.032000000000011,0.000020884100000,0.000000722710000,-0.000469806000000,0.000016093400000,6.000000000000000,3005.000000000000000
108.000000000000000,2.000000000000000,0.000021048000000,0.000000000000000,2.070000000000000,0.000483753000000,0.000000000000000,178.104000000000013,0.000021033100000,0.000000759963000,-0.000483634000000,0.000015974200000,6.000000000000000,3005.000000000000000
117.000000000000000,2.000000000000000,0.000020496700000,0.000000000000000,3.018000000000000,0.000575546000000,0.000000000000000,178.391999999999996,0.000020466900000,0.000001072890000,-0.000575546000000,0.000016093400000,6.000000000000000,3005.000000000000000
117.000000000000000,2.000000000000000,0.000020228400000,0.000000000000000,3.384000000000000,0.000595335000000,0.000000000000000,178.439999999999998,0.000020198600000,0.000001192100000,-0.000595335000000,0.000016093400000,6.000000000000000,3005.000000000000000
117.000000000000000,2.000000000000000,0.000020206100000,0.000000000000000,3.612000000000000,0.000606421000000,0.000000000000000,178.463999999999998,0.000020168800000,0.000001266610000,-0.000606302000000,0.000016212600000,6.000000000000000,3005.000000000000000
126.000000000000000,2.000000000000000,0.000018425400000,0.000000000000000,4.896000000000000,0.000670556000000,0.000000000000000,178.608000000000004,0.000018365800000,0.000001572080000,-0.000670437000000,0.000016212600000,6.000000000000000,3005.000000000000000
126.000000000000000,2.000000000000000,0.000018127400000,0.000000000000000,4.446000000000000,0.000683788000000,0.000000000000000,178.632000000000005,0.000018075200000,0.000001400720000,-0.000683669000000,0.000016331800000,6.000000000000000,3005.000000000000000
126.000000000000000,2.000000000000000,0.000017896400000,0.000000000000000,3.372000000000000,0.000691060000000,0.000000000000000,178.632000000000005,0.000017859200000,0.000001050540000,-0.000691060000000,0.000016451000000,6.000000000000000,3005.000000000000000
135.000000000000000,2.000000000000000,0.000018216800000,0.000000000000000,3.546000000000000,0.000719432000000,0.000000000000000,178.704000000000008,0.000018179500000,0.000001125040000,-0.000719313000000,0.000016212600000,6.000000000000000,3005.000000000000000
135.000000000000000,2.000000000000000,0.000017933700000,0.000000000000000,3.174000000000000,0.000724677000000,0.000000000000000,178.710000000000008,0.000017911300000,0.000000990934000,-0.000724558000000,0.000016331800000,6.000000000000000,3005.000000000000000
135.000000000000000,2.000000000000000,0.000017710100000,0.000000000000000,3.258000000000000,0.000727538000000,0.000000000000000,178.710000000000008,0.000017680300000,0.000001005840000,-0.000727538000000,0.000016331800000,6.000000000000000,3005.000000000000000
144.000000000000000,2.000000000000000,0.000017263100000,0.000000000000000,5.052000000000000,0.000717286000000,0.000000000000000,178.698000000000007,0.000017196100000,0.000001519930000,-0.000717167000000,0.000016331800000,6.000000000000000,3005.000000000000000
144.000000000000000,2.000000000000000,0.000017166300000,0.000000000000000,5.076000000000000,0.000713948000000,0.000000000000000,178.686000000000007,0.000017099200000,0.000001519930000,-0.000713829000000,0.000016331800000,6.000000000000000,3005.000000000000000
144.000000000000000,2.000000000000000,0.000017009800000,0.000000000000000,4.920000000000000,0.000712041000000,0.000000000000000,178.686000000000007,0.000016950200000,0.000001452870000,-0.000711922000000,0.000016331800000,6.000000000000000,3005.000000000000000
153.000000000000000,2.000000000000000,0.000017129000000,0.000000000000000,4.128000000000000,0.000664596000000,0.000000000000000,178.590000000000003,0.000017084300000,0.000001229350000,-0.000664596000000,0.000016212600000,6.000000000000000,3005.000000000000000
153.000000000000000,2.000000000000000,0.000016994900000,0.000000000000000,3.282000000000000,0.000653032000000,0.000000000000000,178.572000000000003,0.000016972500000,0.000000968583000,-0.000652913000000,0.000016212600000,6.000000000000000,3005.000000000000000
153.000000000000000,2.000000000000000,0.000016786300000,0.000000000000000,3.348000000000000,0.000646476000000,0.000000000000000,178.572000000000003,0.000016763900000,0.000000976033000,-0.000646356000000,0.000016093400000,6.000000000000000,3005.000000000000000
162.000000000000000,2.000000000000000,0.000016868200000,0.000000000000000,2.874000000000000,0.000565890000000,0.000000000000000,178.385999999999996,0.000016845900000,0.000000841919000,-0.000565771000000,0.000015855000000,6.000000000000000,3005.000000000000000
162.000000000000000,2.000000000000000,0.000016816100000,0.000000000000000,2.478000000000000,0.000547055000000,0.000000000000000,178.325999999999993,0.000016801200000,0.000000722710000,-0.000546936000000,0.000015974200000,6.000000000000000,3005.000000000000000
162.000000000000000,2.000000000000000,0.000016793700000,0.000000000000000,3.300000000000000,0.000536684000000,0.000000000000000,178.283999999999992,0.000016771400000,0.000000961132000,-0.000536565000000,0.000015974200000,6.000000000000000,3005.000000000000000
171.000000000000000,2.000000000000000,0.000016972500000,0.000000000000000,3.060000000000000,0.000431659000000,0.000000000000000,177.870000000000004,0.000016950200000,0.000000901524000,-0.000431539000000,0.000015974200000,6.000000000000000,3005.000000000000000
171.000000000000000,2.000000000000000,0.000017129000000,0.000000000000000,2.898000000000000,0.000407698000000,0.000000000000000,177.750000000000000,0.000017106600000,0.000000864271000,-0.000407459000000,0.000015974200000,6.000000000000000,3005.000000000000000
171.000000000000000,2.000000000000000,0.000017106600000,0.000000000000000,2.700000000000000,0.000394346000000,0.000000000000000,177.683999999999997,0.000017091700000,0.000000804666000,-0.000394227000000,0.000015855000000,6.000000000000000,3005.000000000000000
180.000000000000000,2.000000000000000,0.000013478200000,0.000000000000000,0.540000000000000,0.000275137000000,0.000000000000000,176.693999999999988,0.000013478200000,0.000000126661000,-0.000274898000000,0.000015855000000,6.000000000000000,3005.000000000000000
180.000000000000000,2.000000000000000,0.000012286100000,0.000000000000000,-0.126000000000000,0.000248315000000,0.000000000000000,176.334000000000003,0.000012286100000,-0.000000029802500,-0.000247838000000,0.000015855000000,6.000000000000000,3005.000000000000000
180.000000000000000,2.000000000000000,0.000011719800000,0.000000000000000,1.008000000000000,0.000233413000000,0.000000000000000,176.105999999999994,0.000011719800000,0.000000201167000,-0.000232936000000,0.000015855000000,6.000000000000000,3005.000000000000000
189.000000000000000,2.000000000000000,0.000007085530000,0.000000000000000,4.476000000000000,0.000114203000000,0.000000000000000,172.355999999999994,0.000007063180000,0.000000551347000,-0.000113369000000,0.000015139600000,6.000000000000000,3005.000000000000000
189.000000000000000,2.000000000000000,0.000005587960000,0.000000000000000,9.048000000000000,0.000087857700000,0.000000000000000,170.135999999999996,0.000005520910000,0.000000879172000,-0.000086665600000,0.000015020400000,6.000000000000000,3005.000000000000000
189.000000000000000,2.000000000000000,0.000004798200000,0.000000000000000,11.135999999999999,0.000073433400000,0.000000000000000,168.234000000000009,0.000004701350000,0.000000923876000,-0.000072002900000,0.000014901200000,6.000000000000000,3005.000000000000000
198.000000000000000,2.000000000000000,0.000004656640000,0.000000000000000,57.671999999999997,0.000040889000000,0.000000000000000,21.384000000000000,0.000002488510000,0.000003933940000,0.000038028000000,0.000014901200000,6.000000000000000,3005.000000000000000
198.000000000000000,2.000000000000000,0.000004246860000,0.000000000000000,52.320000000000000,0.000064015900000,0.000000000000000,13.458000000000000,0.000002592820000,0.000003360230000,0.000062346900000,0.000014901200000,6.000000000000000,3005.000000000000000
198.000000000000000,2.000000000000000,0.000003978640000,0.000000000000000,42.353999999999999,0.000077248100000,0.000000000000000,11.135999999999999,0.000002935540000,0.000002674770000,0.000075817600000,0.000014901200000,6.000000000000000,3005.000000000000000
207.000000000000000,2.000000000000000,0.000006526740000,0.000000000000000,18.803999999999998,0.000166656000000,0.000000000000000,5.136000000000000,0.000006184010000,0.000002101080000,0.000165940000000,0.000014901200000,6.000000000000000,3005.000000000000000
207.000000000000000,2.000000000000000,0.000007815720000,0.000000000000000,16.488000000000000,0.000185967000000,0.000000000000000,4.584000000000000,0.000007495310000,0.000002212840000,0.000185371000000,0.000014782000000,6.000000000000000,3005.000000000000000
207.000000000000000,2.000000000000000,0.000008665080000,0.000000000000000,16.536000000000001,0.000196577000000,0.000000000000000,4.320000000000000,0.000008300000000,0.000002466160000,0.000195981000000,0.000014782000000,6.000000000000000,3005.000000000000000
216.000000000000000,2.000000000000000,0.000012412700000,0.000000000000000,12.930000000000000,0.000257613000000,0.000000000000000,3.276000000000000,0.000012099800000,0.000002779080000,0.000257256000000,0.000014662800000,6.000000000000000,3005.000000000000000
216.000000000000000,2.000000000000000,0.000012986400000,0.000000000000000,11.574000000000000,0.000270369000000,0.000000000000000,3.108000000000000,0.000012725600000,0.000002600270000,0.000270011000000,0.000014662800000,6.000000000000000,3005.000000000000000
216.000000000000000,2.000000000000000,0.000013247200000,0.000000000000000,11.400000000000000,0.000277283000000,0.000000000000000,3.048000000000000,0.000012986400000,0.000002615170000,0.000276925000000,0.000014662800000,6.000000000000000,3005.000000000000000
225.000000000000000,2.000000000000000,0.000014603200000,0.000000000000000,8.634000000000000,0.000303032000000,0.000000000000000,2.772000000000000,0.000014439300000,0.000002190490000,0.000302674000000,0.000014662800000,6.000000000000000,3005.000000000000000
225.000000000000000,2.000000000000000,0.000014938500000,0.000000000000000,8.904000000000000,0.000307681000000,0.000000000000000,2.730000000000000,0.000014752200000,0.000002309690000,0.000307443000000,0.000014662800000,6.000000000000000,3005.000000000000000
225.000000000000000,2.000000000000000,0.000015109800000,0.000000000000000,9.390000000000001,0.000310304000000,0.000000000000000,2.718000000000000,0.000014908700000,0.000002466160000,0.000309946000000,0.000014662800000,6.000000000000000,3005.000000000000000
234.000000000000000,2.000000000000000,0.000015549500000,0.000000000000000,6.696000000000000,0.000299575000000,0.000000000000000,2.802000000000000,0.000015445200000,0.000001810500000,0.000299217000000,0.000014662800000,6.000000000000000,3005.000000000000000
234.000000000000000,2.000000000000000,0.000015497300000,0.000000000000000,6.816000000000000,0.000296237000000,0.000000000000000,2.838000000000000,0.000015385600000,0.000001832850000,0.000295879000000,0.000014662800000,6.000000000000000,3005.000000000000000
234.000000000000000,2.000000000000000,0.000015705900000,0.000000000000000,7.878000000000000,0.000294330000000,0.000000000000000,2.880000000000000,0.000015564400000,0.000002145780000,0.000293972000000,0.000014782000000,6.000000000000000,3005.000000000000000
243.000000000000000,2.000000000000000,0.000014186000000,0.000000000000000,9.138000000000000,0.000248315000000,0.000000000000000,3.420000000000000,0.000013999700000,0.000002250090000,0.000247838000000,0.000014662800000,6.000000000000000,3005.000000000000000
243.000000000000000,2.000000000000000,0.000013724000000,0.000000000000000,10.914000000000000,0.000236870000000,0.000000000000000,3.582000000000000,0.000013478200000,0.000002592820000,0.000236393000000,0.000014782000000,6.000000000000000,3005.000000000000000
243.000000000000000,2.000000000000000,0.000013269500000,0.000000000000000,12.882000000000000,0.000230432000000,0.000000000000000,3.714000000000000,0.000012934300000,0.000002957900000,0.000229956000000,0.000014901200000,6.000000000000000,3005.000000000000000
252.000000000000000,2.000000000000000,0.000011004600000,0.000000000000000,12.917999999999999,0.000152827000000,0.000000000000000,5.652000000000000,0.000010721400000,0.000002458710000,0.000152112000000,0.000015020400000,6.000000000000000,3005.000000000000000
252.000000000000000,2.000000000000000,0.000010036000000,0.000000000000000,14.100000000000000,0.000134707000000,0.000000000000000,6.450000000000000,0.000009737970000,0.000002443800000,0.000133754000000,0.000015020400000,6.000000000000000,3005.000000000000000
252.000000000000000,2.000000000000000,0.000009410140000,0.000000000000000,14.724000000000000,0.000124575000000,0.000000000000000,6.972000000000000,0.000009104670000,0.000002391650000,0.000123621000000,0.000015020400000,6.000000000000000,3005.000000000000000
261.000000000000000,2.000000000000000,0.000008568230000,0.000000000000000,10.757999999999999,0.000027418300000,0.000000000000000,33.612000000000002,0.000008419210000,0.000001594430000,0.000022769100000,0.000015139600000,6.000000000000000,3005.000000000000000
261.000000000000000,2.000000000000000,0.000008173350000,0.000000000000000,10.374000000000001,0.000015258900000,0.000000000000000,90.750000000000000,0.000008039230000,0.000001467770000,-0.000000238420000,0.000015258900000,6.000000000000000,3005.000000000000000
261.000000000000000,2.000000000000000,0.000007957280000,0.000000000000000,10.715999999999999,0.000020027300000,0.000000000000000,130.026000000000010,0.000007815720000,0.000001475220000,-0.000012993900000,0.000015378100000,6.000000000000000,3005.000000000000000
270.000000000000000,2.000000000000000,0.000011064200000,0.000000000000000,6.294000000000000,0.000130177000000,0.000000000000000,173.123999999999995,0.000010997100000,0.000001207000000,-0.000129343000000,0.000015497300000,6.000000000000000,3005.000000000000000
270.000000000000000,2.000000000000000,0.000011831600000,0.000000000000000,4.104000000000000,0.000156284000000,0.000000000000000,174.222000000000008,0.000011794300000,0.000000841919000,-0.000155569000000,0.000015616500000,6.000000000000000,3005.000000000000000
270.000000000000000,2.000000000000000,0.000012166900000,0.000000000000000,4.332000000000000,0.000170589000000,0.000000000000000,174.731999999999999,0.000012137100000,0.000000916425000,-0.000169874000000,0.000015616500000,6.000000000000000,3005.000000000000000
279.000000000000000,2.000000000000000,0.000016376500000,0.000000000000000,2.754000000000000,0.000289561000000,0.000000000000000,176.885999999999996,0.000016354100000,0.000000782315000,-0.000289204000000,0.000015616500000,6.000000000000000,3005.000000000000000
279.000000000000000,2.000000000000000,0.000017948600000,0.000000000000000,2.322000000000000,0.000316264000000,0.000000000000000,177.150000000000006,0.000017933700000,0.000000722710000,-0.000316026000000,0.000015616500000,6.000000000000000,3005.000000000000000
279.000000000000000,2.000000000000000,0.000019177900000,0.000000000000000,0.756000000000000,0.000330927000000,0.000000000000000,177.276000000000010,0.000019177900000,0.000000253322000,-0.000330688000000,0.000015616500000,6.000000000000000,3005.000000000000000
288.000000000000000,2.000000000000000,0.000020928800000,0.000000000000000,1.572000000000000,0.000443222000000,0.000000000000000,177.942000000000007,0.000020921300000,0.000000566248000,-0.000442984000000,0.000015855000000,6.000000000000000,3005.000000000000000
288.000000000000000,2.000000000000000,0.000020809600000,0.000000000000000,2.094000000000000,0.000468137000000,0.000000000000000,178.050000000000011,0.000020794700000,0.000000759963000,-0.000468018000000,0.000015855000000,6.000000000000000,3005.000000000000000
288.000000000000000,2.000000000000000,0.000020817000000,0.000000000000000,2.094000000000000,0.000481846000000,0.000000000000000,178.104000000000013,0.000020802100000,0.000000759963000,-0.000481727000000,0.000015855000000,6.000000000000000,3005.000000000000000
297.000000000000000,2.000000000000000,0.000020213500000,0.000000000000000,2.226000000000000,0.000573877000000,0.000000000000000,178.373999999999995,0.000020198600000,0.000000782315000,-0.000573877000000,0.000016212600000,6.000000000000000,3005.000000000000000
297.000000000000000,2.000000000000000,0.000019692000000,0.000000000000000,2.112000000000000,0.000593785000000,0.000000000000000,178.427999999999997,0.000019684600000,0.000000722710000,-0.000593666000000,0.000016212600000,6.000000000000000,3005.000000000000000
297.000000000000000,2.000000000000000,0.000019341800000,0.000000000000000,2.154000000000000,0.000604633000000,0.000000000000000,178.457999999999998,0.000019326900000,0.000000722710000,-0.000604514000000,0.000016212600000,6.000000000000000,3005.000000000000000
306.000000000000000,2.000000000000000,0.000018276400000,0.000000000000000,3.072000000000000,0.000669602000000,0.000000000000000,178.572000000000003,0.000018246600000,0.000000976033000,-0.000669602000000,0.000016570200000,6.000000000000000,3005.000000000000000
306.000000000000000,2.000000000000000,0.000018537200000,0.000000000000000,3.978000000000000,0.000683192000000,0.000000000000000,178.608000000000004,0.000018492500000,0.000001281510000,-0.000683192000000,0.000016570200000,6.000000000000000,3005.000000000000000
306.000000000000000,2.000000000000000,0.000018827700000,0.000000000000000,3.936000000000000,0.000690702000000,0.000000000000000,178.626000000000005,0.000018783000000,0.000001288960000,-0.000690583000000,0.000016451000000,6.000000000000000,3005.000000000000000
315.000000000000000,2.000000000000000,0.000019371600000,0.000000000000000,3.000000000000000,0.000720266000000,0.000000000000000,178.668000000000006,0.000019341800000,0.000001013290000,-0.000720266000000,0.000016570200000,6.000000000000000,3005.000000000000000
315.000000000000000,2.000000000000000,0.000019483400000,0.000000000000000,3.198000000000000,0.000725750000000,0.000000000000000,178.692000000000007,0.000019446100000,0.000001080340000,-0.000725631000000,0.000016570200000,6.000000000000000,3005.000000000000000
315.000000000000000,2.000000000000000,0.000019200300000,0.000000000000000,3.564000000000000,0.000728730000000,0.000000000000000,178.698000000000007,0.000019163000000,0.000001192100000,-0.000728730000000,0.000016570200000,6.000000000000000,3005.000000000000000
324.000000000000000,2.000000000000000,0.000019468500000,0.000000000000000,3.222000000000000,0.000719909000000,0.000000000000000,178.692000000000007,0.000019438700000,0.000001087790000,-0.000719789000000,0.000016451000000,6.000000000000000,3005.000000000000000
324.000000000000000,2.000000000000000,0.000019587700000,0.000000000000000,3.708000000000000,0.000716690000000,0.000000000000000,178.686000000000007,0.000019550400000,0.000001266610000,-0.000716571000000,0.000016331800000,6.000000000000000,3005.000000000000000
324.000000000000000,2.000000000000000,0.000019721800000,0.000000000000000,3.450000000000000,0.000714783000000,0.000000000000000,178.686000000000007,0.000019692000000,0.000001184650000,-0.000714783000000,0.000016331800000,6.000000000000000,3005.000000000000000
333.000000000000000,2.000000000000000,0.000021480100000,0.000000000000000,2.790000000000000,0.000668649000000,0.000000000000000,178.614000000000004,0.000021457800000,0.000001043090000,-0.000668649000000,0.000016093400000,6.000000000000000,3005.000000000000000
333.000000000000000,2.000000000000000,0.000021517400000,0.000000000000000,3.426000000000000,0.000657324000000,0.000000000000000,178.596000000000003,0.000021472700000,0.000001281510000,-0.000657324000000,0.000016093400000,6.000000000000000,3005.000000000000000
333.000000000000000,2.000000000000000,0.000021718600000,0.000000000000000,3.324000000000000,0.000651125000000,0.000000000000000,178.584000000000003,0.000021681300000,0.000001259160000,-0.000651006000000,0.000015974200000,6.000000000000000,3005.000000000000000
342.000000000000000,2.000000000000000,0.000022746700000,0.000000000000000,2.604000000000000,0.000571612000000,0.000000000000000,178.373999999999995,0.000022724400000,0.000001028190000,-0.000571612000000,0.000016093400000,6.000000000000000,3005.000000000000000
342.000000000000000,2.000000000000000,0.000023327900000,0.000000000000000,2.424000000000000,0.000552896000000,0.000000000000000,178.313999999999993,0.000023305500000,0.000000983484000,-0.000552777000000,0.000016212600000,6.000000000000000,3005.000000000000000
342.000000000000000,2.000000000000000,0.000023693000000,0.000000000000000,2.334000000000000,0.000542525000000,0.000000000000000,178.283999999999992,0.000023678100000,0.000000961132000,-0.000542406000000,0.000016212600000,6.000000000000000,3005.000000000000000
351.000000000000000,2.000000000000000,0.000024259200000,0.000000000000000,2.220000000000000,0.000438573000000,0.000000000000000,177.918000000000006,0.000024244300000,0.000000938777000,-0.000438454000000,0.000015855000000,6.000000000000000,3005.000000000000000
351.000000000000000,2.000000000000000,0.000024669000000,0.000000000000000,1.656000000000000,0.000414612000000,0.000000000000000,177.792000000000001,0.000024654100000,0.000000707809000,-0.000414493000000,0.000015974200000,6.000000000000000,3005.000000000000000
351.000000000000000,2.000000000000000,0.000024676400000,0.000000000000000,0.804000000000000,0.000401499000000,0.000000000000000,177.713999999999998,0.000024676400000,0.000000342729000,-0.000401260000000,0.000015974200000,6.000000000000000,3005.000000000000000
360.000000000000000,2.000000000000000,0.000021912300000,0.000000000000000,1.830000000000000,0.000282051000000,0.000000000000000,176.813999999999993,0.000021904800000,0.000000700358000,-0.000281693000000,0.000015616500000,6.000000000000000,3005.000000000000000
360.000000000000000,2.000000000000000,0.000020519000000,0.000000000000000,2.046000000000000,0.000255110000000,0.000000000000000,176.466000000000008,0.000020511600000,0.000000730161000,-0.000254752000000,0.000015616500000,6.000000000000000,3005.000000000000000
360.000000000000000,2.000000000000000,0.000019736700000,0.000000000000000,2.208000000000000,0.000240208000000,0.000000000000000,176.244000000000000,0.000019721800000,0.000000759963000,-0.000239731000000,0.000015616500000,6.000000000000000,3005.000000000000000
0.000000000000000,1.500000000000000,0.000023201200000,0.000000000000000,4.302000000000000,0.000110031000000,0.000000000000000,171.966000000000008,0.000023134200000,0.000001735990000,-0.000109077000000,0.000015378100000,6.000000000000000,3005.000000000000000
0.000000000000000,1.500000000000000,0.000017970900000,0.000000000000000,5.388000000000000,0.000088573000000,0.000000000000000,169.997999999999990,0.000017889000000,0.000001683840000,-0.000087380900000,0.000015378100000,6.000000000000000,3005.000000000000000
0.000000000000000,1.500000000000000,0.000015258900000,0.000000000000000,4.662000000000000,0.000076294400000,0.000000000000000,168.473999999999989,0.000015206700000,0.000001236800000,-0.000074863900000,0.000015258900000,6.000000000000000,3005.000000000000000
9.000000000000000,1.500000000000000,0.000012599000000,0.000000000000000,6.108000000000000,0.000037789600000,0.000000000000000,23.448000000000000,0.000012524500000,0.000001333660000,0.000034690100000,0.000015020400000,6.000000000000000,3005.000000000000000
9.000000000000000,1.500000000000000,0.000012211600000,0.000000000000000,6.204000000000000,0.000061035600000,0.000000000000000,14.279999999999999,0.000012137100000,0.000001318760000,0.000059128000000,0.000015020400000,6.000000000000000,3005.000000000000000
9.000000000000000,1.500000000000000,0.000012032700000,0.000000000000000,6.300000000000000,0.000074148600000,0.000000000000000,11.712000000000000,0.000011958200000,0.000001318760000,0.000072598900000,0.000015020400000,6.000000000000000,3005.000000000000000
18.000000000000000,1.500000000000000,0.000013828300000,0.000000000000000,7.170000000000000,0.000163794000000,0.000000000000000,5.232000000000000,0.000013724000000,0.000001721090000,0.000163079000000,0.000014782000000,6.000000000000000,3005.000000000000000
18.000000000000000,1.500000000000000,0.000014439300000,0.000000000000000,8.148000000000000,0.000183106000000,0.000000000000000,4.674000000000000,0.000014297700000,0.000002041470000,0.000182510000000,0.000014901200000,6.000000000000000,3005.000000000000000
18.000000000000000,1.500000000000000,0.000014916100000,0.000000000000000,8.609999999999999,0.000193835000000,0.000000000000000,4.416000000000000,0.000014752200000,0.000002227740000,0.000193239000000,0.000014782000000,6.000000000000000,3005.000000000000000
27.000000000000000,1.500000000000000,0.000015825100000,0.000000000000000,6.972000000000000,0.000255825000000,0.000000000000000,3.360000000000000,0.000015705900000,0.000001914810000,0.000255348000000,0.000014901200000,6.000000000000000,3005.000000000000000
27.000000000000000,1.500000000000000,0.000016108300000,0.000000000000000,6.150000000000000,0.000268580000000,0.000000000000000,3.204000000000000,0.000016018900000,0.000001721090000,0.000268104000000,0.000014901200000,6.000000000000000,3005.000000000000000
27.000000000000000,1.500000000000000,0.000016488300000,0.000000000000000,6.828000000000000,0.000275495000000,0.000000000000000,3.120000000000000,0.000016369000000,0.000001959520000,0.000275137000000,0.000014901200000,6.000000000000000,3005.000000000000000
36.000000000000000,1.500000000000000,0.000017382300000,0.000000000000000,5.394000000000000,0.000301959000000,0.000000000000000,2.784000000000000,0.000017300400000,0.000001631680000,0.000301601000000,0.000014662800000,6.000000000000000,3005.000000000000000
36.000000000000000,1.500000000000000,0.000017337600000,0.000000000000000,5.850000000000000,0.000306847000000,0.000000000000000,2.754000000000000,0.000017240800000,0.000001765790000,0.000306489000000,0.000014662800000,6.000000000000000,3005.000000000000000
36.000000000000000,1.500000000000000,0.000017047000000,0.000000000000000,6.918000000000000,0.000309469000000,0.000000000000000,2.730000000000000,0.000016920400000,0.000002048920000,0.000309112000000,0.000014662800000,6.000000000000000,3005.000000000000000
45.000000000000000,1.500000000000000,0.000016845900000,0.000000000000000,9.660000000000000,0.000299336000000,0.000000000000000,2.844000000000000,0.000016600000000,0.000002823780000,0.000298979000000,0.000014782000000,6.000000000000000,3005.000000000000000
45.000000000000000,1.500000000000000,0.000016324300000,0.000000000000000,9.257999999999999,0.000295999000000,0.000000000000000,2.880000000000000,0.000016108300000,0.000002622620000,0.000295641000000,0.000014782000000,6.000000000000000,3005.000000000000000
45.000000000000000,1.500000000000000,0.000015705900000,0.000000000000000,9.654000000000000,0.000294091000000,0.000000000000000,2.910000000000000,0.000015482400000,0.000002630070000,0.000293734000000,0.000014901200000,6.000000000000000,3005.000000000000000
54.000000000000000,1.500000000000000,0.000013835800000,0.000000000000000,9.036000000000000,0.000248315000000,0.000000000000000,3.402000000000000,0.000013664400000,0.000002168130000,0.000247838000000,0.000014662800000,6.000000000000000,3005.000000000000000
54.000000000000000,1.500000000000000,0.000013269500000,0.000000000000000,9.480000000000000,0.000237108000000,0.000000000000000,3.576000000000000,0.000013090700000,0.000002183030000,0.000236631000000,0.000014782000000,6.000000000000000,3005.000000000000000
54.000000000000000,1.500000000000000,0.000012740600000,0.000000000000000,9.240000000000000,0.000230909000000,0.000000000000000,3.690000000000000,0.000012576600000,0.000002041470000,0.000230432000000,0.000014782000000,6.000000000000000,3005.000000000000000
63.000000000000000,1.500000000000000,0.000010505400000,0.000000000000000,13.949999999999999,0.000153185000000,0.000000000000000,5.592000000000000,0.000010192500000,0.000002533210000,0.000152350000000,0.000014901200000,6.000000000000000,3005.000000000000000
63.000000000000000,1.500000000000000,0.000009387790000,0.000000000000000,15.606000000000000,0.000135184000000,0.000000000000000,6.366000000000000,0.000009045060000,0.000002525760000,0.000134350000000,0.000014901200000,6.000000000000000,3005.000000000000000
63.000000000000000,1.500000000000000,0.000008598030000,0.000000000000000,15.654000000000000,0.000125171000000,0.000000000000000,6.942000000000000,0.000008277650000,0.000002317150000,0.000124217000000,0.000015020400000,6.000000000000000,3005.000000000000000
72.000000000000000,1.500000000000000,0.000007830620000,0.000000000000000,15.150000000000000,0.000027775900000,0.000000000000000,32.892000000000003,0.000007554920000,0.000002041470000,0.000023365100000,0.000015020400000,6.000000000000000,3005.000000000000000
72.000000000000000,1.500000000000000,0.000007644350000,0.000000000000000,14.850000000000000,0.000015020400000,0.000000000000000,88.739999999999995,0.000007391010000,0.000001959520000,0.000000238420000,0.000015020400000,6.000000000000000,3005.000000000000000
72.000000000000000,1.500000000000000,0.000007465510000,0.000000000000000,13.428000000000001,0.000019550400000,0.000000000000000,129.210000000000008,0.000007256890000,0.000001728540000,-0.000012517000000,0.000015139600000,6.000000000000000,3005.000000000000000
81.000000000000000,1.500000000000000,0.000010378700000,0.000000000000000,5.418000000000000,0.000130177000000,0.000000000000000,173.177999999999997,0.000010326600000,0.000000976033000,-0.000129343000000,0.000015378100000,6.000000000000000,3005.000000000000000
81.000000000000000,1.500000000000000,0.000011660200000,0.000000000000000,4.356000000000000,0.000156404000000,0.000000000000000,174.300000000000011,0.000011630400000,0.000000886623000,-0.000155688000000,0.000015497300000,6.000000000000000,3005.000000000000000
81.000000000000000,1.500000000000000,0.000012353100000,0.000000000000000,3.186000000000000,0.000170947000000,0.000000000000000,174.792000000000001,0.000012338200000,0.000000685457000,-0.000170351000000,0.000015497300000,6.000000000000000,3005.000000000000000
90.000000000000000,1.500000000000000,0.000016756500000,0.000000000000000,1.644000000000000,0.000289442000000,0.000000000000000,176.885999999999996,0.000016749000000,0.000000476841000,-0.000289204000000,0.000015616500000,6.000000000000000,3005.000000000000000
90.000000000000000,1.500000000000000,0.000018127400000,0.000000000000000,1.914000000000000,0.000316026000000,0.000000000000000,177.162000000000006,0.000018112500000,0.000000603501000,-0.000315787000000,0.000015616500000,6.000000000000000,3005.000000000000000
90.000000000000000,1.500000000000000,0.000018961800000,0.000000000000000,1.512000000000000,0.000330808000000,0.000000000000000,177.264000000000010,0.000018954400000,0.000000499193000,-0.000330450000000,0.000015735700000,6.000000000000000,3005.000000000000000
99.000000000000000,1.500000000000000,0.000020682900000,0.000000000000000,3.180000000000000,0.000443222000000,0.000000000000000,177.924000000000006,0.000020645700000,0.000001139950000,-0.000443103000000,0.000015974200000,6.000000000000000,3005.000000000000000
99.000000000000000,1.500000000000000,0.000020906400000,0.000000000000000,3.108000000000000,0.000468137000000,0.000000000000000,178.026000000000010,0.000020876600000,0.000001132500000,-0.000468018000000,0.000016093400000,6.000000000000000,3005.000000000000000
99.000000000000000,1.500000000000000,0.000021010800000,0.000000000000000,2.544000000000000,0.000481727000000,0.000000000000000,178.080000000000012,0.000020988400000,0.000000931326000,-0.000481607000000,0.000016093400000,6.000000000000000,3005.000000000000000
108.000000000000000,1.500000000000000,0.000020779800000,0.000000000000000,2.538000000000000,0.000573758000000,0.000000000000000,178.391999999999996,0.000020764900000,0.000000916425000,-0.000573639000000,0.000016093400000,6.000000000000000,3005.000000000000000
108.000000000000000,1.500000000000000,0.000020288000000,0.000000000000000,2.748000000000000,0.000593666000000,0.000000000000000,178.445999999999998,0.000020265700000,0.000000968583000,-0.000593547000000,0.000016093400000,6.000000000000000,3005.000000000000000
108.000000000000000,1.500000000000000,0.000019900600000,0.000000000000000,3.150000000000000,0.000604633000000,0.000000000000000,178.463999999999998,0.000019870800000,0.000001087790000,-0.000604514000000,0.000016093400000,6.000000000000000,3005.000000000000000
117.000000000000000,1.500000000000000,0.000019505700000,0.000000000000000,2.898000000000000,0.000669125000000,0.000000000000000,178.608000000000004,0.000019483400000,0.000000983484000,-0.000669006000000,0.000016212600000,6.000000000000000,3005.000000000000000
117.000000000000000,1.500000000000000,0.000018999100000,0.000000000000000,2.856000000000000,0.000682715000000,0.000000000000000,178.638000000000005,0.000018976700000,0.000000946227000,-0.000682596000000,0.000016093400000,6.000000000000000,3005.000000000000000
117.000000000000000,1.500000000000000,0.000018596800000,0.000000000000000,3.144000000000000,0.000689987000000,0.000000000000000,178.650000000000006,0.000018567000000,0.000001013290000,-0.000689987000000,0.000016212600000,6.000000000000000,3005.000000000000000
126.000000000000000,1.500000000000000,0.000017978400000,0.000000000000000,1.698000000000000,0.000718597000000,0.000000000000000,178.698000000000007,0.000017970900000,0.000000528995000,-0.000718597000000,0.000016331800000,6.000000000000000,3005.000000000000000
126.000000000000000,1.500000000000000,0.000018075200000,0.000000000000000,2.850000000000000,0.000723962000000,0.000000000000000,178.698000000000007,0.000018052900000,0.000000894073000,-0.000723843000000,0.000016451000000,6.000000000000000,3005.000000000000000
126.000000000000000,1.500000000000000,0.000017732500000,0.000000000000000,3.426000000000000,0.000726823000000,0.000000000000000,178.704000000000008,0.000017695200000,0.000001057990000,-0.000726704000000,0.000016451000000,6.000000000000000,3005.000000000000000
135.000000000000000,1.500000000000000,0.000016421200000,0.000000000000000,3.912000000000000,0.000716690000000,0.000000000000000,178.686000000000007,0.000016383900000,0.000001117590000,-0.000716571000000,0.000016331800000,6.000000000000000,3005.000000000000000
135.000000000000000,1.500000000000000,0.000015959300000,0.000000000000000,3.786000000000000,0.000713114000000,0.000000000000000,178.680000000000007,0.000015922000000,0.000001050540000,-0.000713114000000,0.000016331800000,6.000000000000000,3005.000000000000000
135.000000000000000,1.500000000000000,0.000016302000000,0.000000000000000,3.774000000000000,0.000711326000000,0.000000000000000,178.674000000000006,0.000016272200000,0.000001072890000,-0.000711206000000,0.000016451000000,6.000000000000000,3005.000000000000000
144.000000000000000,1.500000000000000,0.000017032100000,0.000000000000000,3.522000000000000,0.000663999000000,0.000000000000000,178.596000000000003,0.000017002300000,0.000001043090000,-0.000663880000000,0.000016212600000,6.000000000000000,3005.000000000000000
144.000000000000000,1.500000000000000,0.000016644700000,0.000000000000000,3.948000000000000,0.000652198000000,0.000000000000000,178.572000000000003,0.000016600000000,0.000001139950000,-0.000652198000000,0.000016212600000,6.000000000000000,3005.000000000000000
144.000000000000000,1.500000000000000,0.000016272200000,0.000000000000000,3.780000000000000,0.000645760000000,0.000000000000000,178.566000000000002,0.000016234900000,0.000001072890000,-0.000645641000000,0.000016093400000,6.000000000000000,3005.000000000000000
153.000000000000000,1.500000000000000,0.000015914600000,0.000000000000000,4.392000000000000,0.000565175000000,0.000000000000000,178.343999999999994,0.000015869900000,0.000001214450000,-0.000565056000000,0.000016331800000,6.000000000000000,3005.000000000000000
153.000000000000000,1.500000000000000,0.000016115700000,0.000000000000000,4.272000000000000,0.000546221000000,0.000000000000000,178.295999999999992,0.000016071000000,0.000001199550000,-0.000546101000000,0.000016212600000,6.000000000000000,3005.000000000000000
153.000000000000000,1.500000000000000,0.000016376500000,0.000000000000000,3.780000000000000,0.000535849000000,0.000000000000000,178.259999999999991,0.000016339200000,0.000001072890000,-0.000535730000000,0.000016212600000,6.000000000000000,3005.000000000000000
162.000000000000000,1.500000000000000,0.000016182800000,0.000000000000000,3.282000000000000,0.000430705000000,0.000000000000000,177.888000000000005,0.000016153000000,0.000000923876000,-0.000430467000000,0.000015855000000,6.000000000000000,3005.000000000000000
162.000000000000000,1.500000000000000,0.000015914600000,0.000000000000000,2.856000000000000,0.000406625000000,0.000000000000000,177.774000000000001,0.000015892200000,0.000000789765000,-0.000406386000000,0.000015735700000,6.000000000000000,3005.000000000000000
162.000000000000000,1.500000000000000,0.000016026300000,0.000000000000000,2.976000000000000,0.000393273000000,0.000000000000000,177.695999999999998,0.000016011400000,0.000000827018000,-0.000393035000000,0.000015735700000,6.000000000000000,3005.000000000000000
171.000000000000000,1.500000000000000,0.000012882100000,0.000000000000000,3.828000000000000,0.000273826000000,0.000000000000000,176.705999999999989,0.000012852300000,0.000000856820000,-0.000273468000000,0.000015616500000,6.000000000000000,3005.000000000000000
171.000000000000000,1.500000000000000,0.000011593200000,0.000000000000000,5.604000000000000,0.000246884000000,0.000000000000000,176.346000000000003,0.000011541000000,0.000001132500000,-0.000246527000000,0.000015616500000,6.000000000000000,3005.000000000000000
171.000000000000000,1.500000000000000,0.000010639500000,0.000000000000000,5.862000000000000,0.000231982000000,0.000000000000000,176.111999999999995,0.000010579900000,0.000001080340000,-0.000231625000000,0.000015616500000,6.000000000000000,3005.000000000000000
180.000000000000000,1.500000000000000,0.000006608690000,0.000000000000000,10.980000000000000,0.000112534000000,0.000000000000000,172.169999999999987,0.000006489480000,0.000001259160000,-0.000111580000000,0.000015258900000,6.000000000000000,3005.000000000000000
180.000000000000000,1.500000000000000,0.000005006820000,0.000000000000000,15.587999999999999,0.000086308000000,0.000000000000000,169.764000000000010,0.000004820550000,0.000001341110000,-0.000084996700000,0.000015258900000,6.000000000000000,3005.000000000000000
180.000000000000000,1.500000000000000,0.000004127650000,0.000000000000000,19.193999999999999,0.000071764500000,0.000000000000000,167.729999999999990,0.000003904130000,0.000001356010000,-0.000070214700000,0.000015258900000,6.000000000000000,3005.000000000000000
189.000000000000000,1.500000000000000,0.000003486890000,0.000000000000000,38.183999999999997,0.000042438700000,0.000000000000000,20.850000000000001,0.000002741830000,0.000002153230000,0.000039696900000,0.000015020400000,6.000000000000000,3005.000000000000000
189.000000000000000,1.500000000000000,0.000003486890000,0.000000000000000,40.200000000000003,0.000065446400000,0.000000000000000,13.230000000000000,0.000002659870000,0.000002250090000,0.000063777400000,0.000014901200000,6.000000000000000,3005.000000000000000
189.000000000000000,1.500000000000000,0.000003293170000,0.000000000000000,36.036000000000001,0.000078440200000,0.000000000000000,10.956000000000000,0.000002659870000,0.000001937170000,0.000077009700000,0.000014901200000,6.000000000000000,3005.000000000000000
198.000000000000000,1.500000000000000,0.000006236170000,0.000000000000000,13.974000000000000,0.000167490000000,0.000000000000000,5.112000000000000,0.000006049900000,0.000001505020000,0.000166775000000,0.000014901200000,6.000000000000000,3005.000000000000000
198.000000000000000,1.500000000000000,0.000007361200000,0.000000000000000,13.182000000000000,0.000186683000000,0.000000000000000,4.542000000000000,0.000007167490000,0.000001676390000,0.000186087000000,0.000014782000000,6.000000000000000,3005.000000000000000
198.000000000000000,1.500000000000000,0.000008121190000,0.000000000000000,13.566000000000001,0.000197292000000,0.000000000000000,4.320000000000000,0.000007897670000,0.000001899910000,0.000196696000000,0.000014782000000,6.000000000000000,3005.000000000000000
207.000000000000000,1.500000000000000,0.000011079100000,0.000000000000000,11.028000000000000,0.000257852000000,0.000000000000000,3.336000000000000,0.000010877900000,0.000002115980000,0.000257375000000,0.000014901200000,6.000000000000000,3005.000000000000000
207.000000000000000,1.500000000000000,0.000011973100000,0.000000000000000,10.548000000000000,0.000270369000000,0.000000000000000,3.180000000000000,0.000011779400000,0.000002190490000,0.000269892000000,0.000014901200000,6.000000000000000,3005.000000000000000
207.000000000000000,1.500000000000000,0.000012464900000,0.000000000000000,10.914000000000000,0.000277163000000,0.000000000000000,3.102000000000000,0.000012233900000,0.000002354400000,0.000276806000000,0.000014901200000,6.000000000000000,3005.000000000000000
216.000000000000000,1.500000000000000,0.000013679300000,0.000000000000000,7.446000000000000,0.000302793000000,0.000000000000000,2.790000000000000,0.000013560100000,0.000001773250000,0.000302436000000,0.000014662800000,6.000000000000000,3005.000000000000000
216.000000000000000,1.500000000000000,0.000014230700000,0.000000000000000,8.568000000000000,0.000307443000000,0.000000000000000,2.748000000000000,0.000014066800000,0.000002115980000,0.000307085000000,0.000014782000000,6.000000000000000,3005.000000000000000
216.000000000000000,1.500000000000000,0.000014774600000,0.000000000000000,8.298000000000000,0.000310065000000,0.000000000000000,2.736000000000000,0.000014625500000,0.000002130880000,0.000309708000000,0.000014782000000,6.000000000000000,3005.000000000000000
225.000000000000000,1.500000000000000,0.000015273800000,0.000000000000000,8.981999999999999,0.000299098000000,0.000000000000000,2.808000000000000,0.000015087500000,0.000002384200000,0.000298740000000,0.000014662800000,6.000000000000000,3005.000000000000000
225.000000000000000,1.500000000000000,0.000015221600000,0.000000000000000,8.688000000000001,0.000295641000000,0.000000000000000,2.844000000000000,0.000015050200000,0.000002294790000,0.000295283000000,0.000014662800000,6.000000000000000,3005.000000000000000
225.000000000000000,1.500000000000000,0.000015072600000,0.000000000000000,8.772000000000000,0.000293734000000,0.000000000000000,2.862000000000000,0.000014901200000,0.000002294790000,0.000293376000000,0.000014662800000,6.000000000000000,3005.000000000000000
234.000000000000000,1.500000000000000,0.000013336600000,0.000000000000000,9.348000000000001,0.000247838000000,0.000000000000000,3.420000000000000,0.000013157800000,0.000002160680000,0.000247361000000,0.000014782000000,6.000000000000000,3005.000000000000000
234.000000000000000,1.500000000000000,0.000012666000000,0.000000000000000,9.324000000000000,0.000236393000000,0.000000000000000,3.588000000000000,0.000012502100000,0.000002048920000,0.000235916000000,0.000014782000000,6.000000000000000,3005.000000000000000
234.000000000000000,1.500000000000000,0.000012390400000,0.000000000000000,9.912000000000001,0.000230075000000,0.000000000000000,3.702000000000000,0.000012204100000,0.000002130880000,0.000229598000000,0.000014782000000,6.000000000000000,3005.000000000000000
243.000000000000000,1.500000000000000,0.000011317500000,0.000000000000000,10.554000000000000,0.000153066000000,0.000000000000000,5.598000000000000,0.000011123800000,0.000002071280000,0.000152350000000,0.000014901200000,6.000000000000000,3005.000000000000000
243.000000000000000,1.500000000000000,0.000010430900000,0.000000000000000,11.724000000000000,0.000134946000000,0.000000000000000,6.408000000000000,0.000010207400000,0.000002115980000,0.000134111000000,0.000015020400000,6.000000000000000,3005.000000000000000
243.000000000000000,1.500000000000000,0.000009775220000,0.000000000000000,11.004000000000000,0.000124813000000,0.000000000000000,6.930000000000000,0.000009596410000,0.000001862650000,0.000123979000000,0.000014901200000,6.000000000000000,3005.000000000000000
252.000000000000000,1.500000000000000,0.000008978010000,0.000000000000000,13.044000000000000,0.000028014300000,0.000000000000000,32.670000000000002,0.000008739590000,0.000002026570000,0.000023484300000,0.000015020400000,6.000000000000000,3005.000000000000000
252.000000000000000,1.500000000000000,0.000008329810000,0.000000000000000,12.660000000000000,0.000015020400000,0.000000000000000,87.731999999999999,0.000008128640000,0.000001825400000,0.000000596050000,0.000015020400000,6.000000000000000,3005.000000000000000
252.000000000000000,1.500000000000000,0.000008039230000,0.000000000000000,13.140000000000001,0.000019431200000,0.000000000000000,128.478000000000009,0.000007823170000,0.000001825400000,-0.000012159400000,0.000015258900000,6.000000000000000,3005.000000000000000
261.000000000000000,1.500000000000000,0.000010021100000,0.000000000000000,5.874000000000000,0.000128509000000,0.000000000000000,173.057999999999993,0.000009968940000,0.000001020740000,-0.000127674000000,0.000015497300000,6.000000000000000,3005.000000000000000
261.000000000000000,1.500000000000000,0.000010900300000,0.000000000000000,3.642000000000000,0.000154377000000,0.000000000000000,174.228000000000008,0.000010885400000,0.000000692908000,-0.000153662000000,0.000015497300000,6.000000000000000,3005.000000000000000
261.000000000000000,1.500000000000000,0.000011526100000,0.000000000000000,3.282000000000000,0.000168801000000,0.000000000000000,174.744000000000000,0.000011503800000,0.000000655655000,-0.000168205000000,0.000015378100000,6.000000000000000,3005.000000000000000
270.000000000000000,1.500000000000000,0.000016965100000,0.000000000000000,1.506000000000000,0.000287415000000,0.000000000000000,176.819999999999993,0.000016957600000,0.000000439586000,-0.000287058000000,0.000015855000000,6.000000000000000,3005.000000000000000
270.000000000000000,1.500000000000000,0.000018283800000,0.000000000000000,0.462000000000000,0.000313999000000,0.000000000000000,177.090000000000003,0.000018283800000,0.000000141562000,-0.000313761000000,0.000015855000000,6.000000000000000,3005.000000000000000
270.000000000000000,1.500000000000000,0.000018939500000,0.000000000000000,0.300000000000000,0.000328662000000,0.000000000000000,177.222000000000008,0.000018939500000,0.000000096858000,-0.000328423000000,0.000015855000000,6.000000000000000,3005.000000000000000
279.000000000000000,1.500000000000000,0.000020407300000,0.000000000000000,1.386000000000000,0.000441076000000,0.000000000000000,177.912000000000006,0.000020399800000,0.000000491742000,-0.000440957000000,0.000015974200000,6.000000000000000,3005.000000000000000
279.000000000000000,1.500000000000000,0.000020437100000,0.000000000000000,1.044000000000000,0.000465991000000,0.000000000000000,178.008000000000010,0.000020429600000,0.000000372531000,-0.000465872000000,0.000016093400000,6.000000000000000,3005.000000000000000
279.000000000000000,1.500000000000000,0.000020377500000,0.000000000000000,1.614000000000000,0.000479819000000,0.000000000000000,178.056000000000011,0.000020370000000,0.000000566248000,-0.000479581000000,0.000016212600000,6.000000000000000,3005.000000000000000
288.000000000000000,1.500000000000000,0.000019662200000,0.000000000000000,3.090000000000000,0.000571731000000,0.000000000000000,178.385999999999996,0.000019632400000,0.000001057990000,-0.000571731000000,0.000016093400000,6.000000000000000,3005.000000000000000
288.000000000000000,1.500000000000000,0.000019446100000,0.000000000000000,2.868000000000000,0.000591759000000,0.000000000000000,178.439999999999998,0.000019423800000,0.000000968583000,-0.000591639000000,0.000016093400000,6.000000000000000,3005.000000000000000
288.000000000000000,1.500000000000000,0.000019267300000,0.000000000000000,2.262000000000000,0.000602726000000,0.000000000000000,178.457999999999998,0.000019252400000,0.000000759963000,-0.000602726000000,0.000016093400000,6.000000000000000,3005.000000000000000
297.000000000000000,1.500000000000000,0.000018999100000,0.000000000000000,3.402000000000000,0.000667576000000,0.000000000000000,178.584000000000003,0.000018969300000,0.000001125040000,-0.000667576000000,0.000016451000000,6.000000000000000,3005.000000000000000
297.000000000000000,1.500000000000000,0.000019021400000,0.000000000000000,3.834000000000000,0.000681285000000,0.000000000000000,178.608000000000004,0.000018984200000,0.000001266610000,-0.000681166000000,0.000016451000000,6.000000000000000,3005.000000000000000
297.000000000000000,1.500000000000000,0.000018924600000,0.000000000000000,3.834000000000000,0.000688914000000,0.000000000000000,178.626000000000005,0.000018879900000,0.000001266610000,-0.000688795000000,0.000016451000000,6.000000000000000,3005.000000000000000
306.000000000000000,1.500000000000000,0.000018745800000,0.000000000000000,5.940000000000000,0.000718717000000,0.000000000000000,178.674000000000006,0.000018648900000,0.000001937170000,-0.000718717000000,0.000016570200000,6.000000000000000,3005.000000000000000
306.000000000000000,1.500000000000000,0.000018708500000,0.000000000000000,5.970000000000000,0.000724200000000,0.000000000000000,178.686000000000007,0.000018611700000,0.000001944620000,-0.000724200000000,0.000016570200000,6.000000000000000,3005.000000000000000
306.000000000000000,1.500000000000000,0.000018783000000,0.000000000000000,5.052000000000000,0.000727419000000,0.000000000000000,178.686000000000007,0.000018708500000,0.000001646590000,-0.000727300000000,0.000016570200000,6.000000000000000,3005.000000000000000
315.000000000000000,1.500000000000000,0.000020012400000,0.000000000000000,1.338000000000000,0.000718836000000,0.000000000000000,178.680000000000007,0.000020004900000,0.000000461938000,-0.000718717000000,0.000016451000000,6.000000000000000,3005.000000000000000
315.000000000000000,1.500000000000000,0.000020198600000,0.000000000000000,1.608000000000000,0.000715856000000,0.000000000000000,178.686000000000007,0.000020191200000,0.000000566248000,-0.000715736000000,0.000016331800000,6.000000000000000,3005.000000000000000
315.000000000000000,1.500000000000000,0.000020496700000,0.000000000000000,1.620000000000000,0.000714067000000,0.000000000000000,178.686000000000007,0.000020489200000,0.000000573698000,-0.000714067000000,0.000016331800000,6.000000000000000,3005.000000000000000
324.000000000000000,1.500000000000000,0.000021800500000,0.000000000000000,3.678000000000000,0.000667933000000,0.000000000000000,178.590000000000003,0.000021755800000,0.000001393270000,-0.000667933000000,0.000016451000000,6.000000000000000,3005.000000000000000
324.000000000000000,1.500000000000000,0.000021845200000,0.000000000000000,3.780000000000000,0.000656608000000,0.000000000000000,178.560000000000002,0.000021800500000,0.000001437970000,-0.000656489000000,0.000016451000000,6.000000000000000,3005.000000000000000
324.000000000000000,1.500000000000000,0.000022038900000,0.000000000000000,3.432000000000000,0.000650290000000,0.000000000000000,178.542000000000001,0.000021994200000,0.000001318760000,-0.000650171000000,0.000016451000000,6.000000000000000,3005.000000000000000
333.000000000000000,1.500000000000000,0.000023946300000,0.000000000000000,2.442000000000000,0.000570539000000,0.000000000000000,178.385999999999996,0.000023931400000,0.000001013290000,-0.000570420000000,0.000015974200000,6.000000000000000,3005.000000000000000
333.000000000000000,1.500000000000000,0.000024549800000,0.000000000000000,2.052000000000000,0.000551943000000,0.000000000000000,178.331999999999993,0.000024534900000,0.000000879172000,-0.000551704000000,0.000015974200000,6.000000000000000,3005.000000000000000
333.000000000000000,1.500000000000000,0.000024885100000,0.000000000000000,2.058000000000000,0.000541452000000,0.000000000000000,178.295999999999992,0.000024870200000,0.000000886623000,-0.000541333000000,0.000016093400000,6.000000000000000,3005.000000000000000
342.000000000000000,1.500000000000000,0.000025764200000,0.000000000000000,2.460000000000000,0.000437142000000,0.000000000000000,177.924000000000006,0.000025734400000,0.000001102690000,-0.000437023000000,0.000015855000000,6.000000000000000,3005.000000000000000
342.000000000000000,1.500000000000000,0.000026069700000,0.000000000000000,2.550000000000000,0.000413300000000,0.000000000000000,177.810000000000002,0.000026039900000,0.000001154850000,-0.000413062000000,0.000015735700000,6.000000000000000,3005.000000000000000
342.000000000000000,1.500000000000000,0.000025838700000,0.000000000000000,2.514000000000000,0.000400068000000,0.000000000000000,177.725999999999999,0.000025808900000,0.000001132500000,-0.000399830000000,0.000015855000000,6.000000000000000,3005.000000000000000
351.000000000000000,1.500000000000000,0.000022791400000,0.000000000000000,0.954000000000000,0.000280740000000,0.000000000000000,176.747999999999990,0.000022791400000,0.000000379981000,-0.000280382000000,0.000015855000000,6.000000000000000,3005.000000000000000
351.000000000000000,1.500000000000000,0.000021666400000,0.000000000000000,0.492000000000000,0.000253560000000,0.000000000000000,176.400000000000006,0.000021666400000,0.000000186265000,-0.000253202000000,0.000015855000000,6.000000000000000,3005.000000000000000
351.000000000000000,1.500000000000000,0.000020742500000,0.000000000000000,0.090000000000000,0.000238539000000,0.000000000000000,176.219999999999999,0.000020742500000,0.000000029802500,-0.000238181000000,0.000015616500000,6.000000000000000,3005.000000000000000
360.000000000000000,1.500000000000000,0.000016503200000,0.000000000000000,1.296000000000000,0.000118852000000,0.000000000000000,172.524000000000001,0.000016495700000,0.000000372531000,-0.000117898000000,0.000015378100000,6.000000000000000,3005.000000000000000
360.000000000000000,1.500000000000000,0.000015206700000,0.000000000000000,2.358000000000000,0.000092387700000,0.000000000000000,170.406000000000006,0.000015199200000,0.000000625852000,-0.000091195600000,0.000015378100000,6.000000000000000,3005.000000000000000
360.000000000000000,1.500000000000000,0.000014454200000,0.000000000000000,3.672000000000000,0.000077963300000,0.000000000000000,168.623999999999995,0.000014431800000,0.000000923876000,-0.000076532800000,0.000015378100000,6.000000000000000,3005.000000000000000
0.000000000000000,1.000000000000000,0.000018842600000,0.000000000000000,4.746000000000000,0.000048160800000,0.000000000000000,18.359999999999999,0.000018775600000,0.000001557180000,0.000045776600000,0.000015139600000,6.000000000000000,3005.000000000000000
0.000000000000000,1.000000000000000,0.000015825100000,0.000000000000000,5.052000000000000,0.000067353700000,0.000000000000000,13.086000000000000,0.000015765500000,0.000001393270000,0.000065565600000,0.000015258900000,6.000000000000000,3005.000000000000000
0.000000000000000,1.000000000000000,0.000014118900000,0.000000000000000,5.658000000000000,0.000078559400000,0.000000000000000,11.250000000000000,0.000014059300000,0.000001393270000,0.000077009700000,0.000015258900000,6.000000000000000,3005.000000000000000
9.000000000000000,1.000000000000000,0.000015206700000,0.000000000000000,9.816000000000001,0.000165940000000,0.000000000000000,5.184000000000000,0.000014990600000,0.000002592820000,0.000165344000000,0.000015020400000,6.000000000000000,3005.000000000000000
9.000000000000000,1.000000000000000,0.000015646300000,0.000000000000000,9.882000000000000,0.000185133000000,0.000000000000000,4.668000000000000,0.000015415400000,0.000002682220000,0.000184537000000,0.000015020400000,6.000000000000000,3005.000000000000000
9.000000000000000,1.000000000000000,0.000015832600000,0.000000000000000,8.502000000000001,0.000195623000000,0.000000000000000,4.398000000000000,0.000015653800000,0.000002339500000,0.000195027000000,0.000014901200000,6.000000000000000,3005.000000000000000
18.000000000000000,1.000000000000000,0.000017471700000,0.000000000000000,6.702000000000000,0.000256183000000,0.000000000000000,3.264000000000000,0.000017352500000,0.000002034020000,0.000255825000000,0.000014662800000,6.000000000000000,3005.000000000000000
18.000000000000000,1.000000000000000,0.000017561100000,0.000000000000000,7.482000000000000,0.000268938000000,0.000000000000000,3.138000000000000,0.000017412100000,0.000002279890000,0.000268580000000,0.000014662800000,6.000000000000000,3005.000000000000000
18.000000000000000,1.000000000000000,0.000017859200000,0.000000000000000,7.632000000000000,0.000275971000000,0.000000000000000,3.060000000000000,0.000017702700000,0.000002369300000,0.000275495000000,0.000014662800000,6.000000000000000,3005.000000000000000
27.000000000000000,1.000000000000000,0.000017829400000,0.000000000000000,8.256000000000000,0.000301721000000,0.000000000000000,2.808000000000000,0.000017643100000,0.000002555560000,0.000301363000000,0.000014782000000,6.000000000000000,3005.000000000000000
27.000000000000000,1.000000000000000,0.000017650500000,0.000000000000000,8.513999999999999,0.000306370000000,0.000000000000000,2.766000000000000,0.000017456800000,0.000002607720000,0.000306012000000,0.000014782000000,6.000000000000000,3005.000000000000000
27.000000000000000,1.000000000000000,0.000017374900000,0.000000000000000,7.938000000000000,0.000308873000000,0.000000000000000,2.730000000000000,0.000017211000000,0.000002399100000,0.000308635000000,0.000014662800000,6.000000000000000,3005.000000000000000
36.000000000000000,1.000000000000000,0.000015668700000,0.000000000000000,6.840000000000000,0.000298264000000,0.000000000000000,2.802000000000000,0.000015556900000,0.000001862650000,0.000298025000000,0.000014543600000,6.000000000000000,3005.000000000000000
36.000000000000000,1.000000000000000,0.000015162000000,0.000000000000000,7.248000000000000,0.000294687000000,0.000000000000000,2.826000000000000,0.000015042800000,0.000001907360000,0.000294449000000,0.000014424400000,6.000000000000000,3005.000000000000000
36.000000000000000,1.000000000000000,0.000014960800000,0.000000000000000,6.984000000000000,0.000292780000000,0.000000000000000,2.856000000000000,0.000014849100000,0.000001817950000,0.000292422000000,0.000014543600000,6.000000000000000,3005.000000000000000
45.000000000000000,1.000000000000000,0.000013768700000,0.000000000000000,8.939999999999999,0.000247480000000,0.000000000000000,3.522000000000000,0.000013604800000,0.000002138330000,0.000247004000000,0.000015139600000,6.000000000000000,3005.000000000000000
45.000000000000000,1.000000000000000,0.000013172700000,0.000000000000000,9.792000000000000,0.000236274000000,0.000000000000000,3.654000000000000,0.000012979000000,0.000002235190000,0.000235916000000,0.000015020400000,6.000000000000000,3005.000000000000000
45.000000000000000,1.000000000000000,0.000012442500000,0.000000000000000,10.308000000000000,0.000230194000000,0.000000000000000,3.738000000000000,0.000012241400000,0.000002220290000,0.000229717000000,0.000014901200000,6.000000000000000,3005.000000000000000
54.000000000000000,1.000000000000000,0.000009529350000,0.000000000000000,15.875999999999999,0.000153304000000,0.000000000000000,5.712000000000000,0.000009164270000,0.000002600270000,0.000152589000000,0.000015258900000,6.000000000000000,3005.000000000000000
54.000000000000000,1.000000000000000,0.000008486270000,0.000000000000000,16.175999999999998,0.000135303000000,0.000000000000000,6.474000000000000,0.000008158440000,0.000002361850000,0.000134469000000,0.000015258900000,6.000000000000000,3005.000000000000000
54.000000000000000,1.000000000000000,0.000007830620000,0.000000000000000,16.968000000000000,0.000125290000000,0.000000000000000,6.960000000000000,0.000007487860000,0.000002279890000,0.000124455000000,0.000015139600000,6.000000000000000,3005.000000000000000
63.000000000000000,1.000000000000000,0.000006981220000,0.000000000000000,15.042000000000000,0.000028968000000,0.000000000000000,31.686000000000000,0.000006742800000,0.000001810500000,0.000024676400000,0.000015258900000,6.000000000000000,3005.000000000000000
63.000000000000000,1.000000000000000,0.000006459680000,0.000000000000000,13.590000000000000,0.000015378100000,0.000000000000000,82.811999999999998,0.000006280870000,0.000001519930000,0.000001907360000,0.000015258900000,6.000000000000000,3005.000000000000000
63.000000000000000,1.000000000000000,0.000006265970000,0.000000000000000,12.912000000000001,0.000018716000000,0.000000000000000,124.757999999999995,0.000006102050000,0.000001393270000,-0.000010848100000,0.000015378100000,6.000000000000000,3005.000000000000000
72.000000000000000,1.000000000000000,0.000009335640000,0.000000000000000,10.944000000000001,0.000127793000000,0.000000000000000,173.081999999999993,0.000009171720000,0.000001773250000,-0.000126959000000,0.000015378100000,6.000000000000000,3005.000000000000000
72.000000000000000,1.000000000000000,0.000010915200000,0.000000000000000,6.522000000000000,0.000153900000000,0.000000000000000,174.186000000000007,0.000010840700000,0.000001236800000,-0.000153304000000,0.000015497300000,6.000000000000000,3005.000000000000000
72.000000000000000,1.000000000000000,0.000012025300000,0.000000000000000,4.608000000000000,0.000168444000000,0.000000000000000,174.665999999999997,0.000011980600000,0.000000961132000,-0.000167728000000,0.000015616500000,6.000000000000000,3005.000000000000000
81.000000000000000,1.000000000000000,0.000016786300000,0.000000000000000,1.182000000000000,0.000286581000000,0.000000000000000,176.825999999999993,0.000016778800000,0.000000342729000,-0.000286223000000,0.000015855000000,6.000000000000000,3005.000000000000000
81.000000000000000,1.000000000000000,0.000018276400000,0.000000000000000,1.068000000000000,0.000312807000000,0.000000000000000,177.084000000000003,0.000018276400000,0.000000335278000,-0.000312569000000,0.000015855000000,6.000000000000000,3005.000000000000000
81.000000000000000,1.000000000000000,0.000019259900000,0.000000000000000,1.290000000000000,0.000327470000000,0.000000000000000,177.210000000000008,0.000019252400000,0.000000432135000,-0.000327231000000,0.000015855000000,6.000000000000000,3005.000000000000000
90.000000000000000,1.000000000000000,0.000021405600000,0.000000000000000,2.982000000000000,0.000439765000000,0.000000000000000,177.924000000000006,0.000021383300000,0.000001110140000,-0.000439527000000,0.000015855000000,6.000000000000000,3005.000000000000000
90.000000000000000,1.000000000000000,0.000022180500000,0.000000000000000,2.736000000000000,0.000464560000000,0.000000000000000,178.020000000000010,0.000022158100000,0.000001057990000,-0.000464441000000,0.000015974200000,6.000000000000000,3005.000000000000000
90.000000000000000,1.000000000000000,0.000022545600000,0.000000000000000,2.136000000000000,0.000478270000000,0.000000000000000,178.062000000000012,0.000022538100000,0.000000834469000,-0.000478150000000,0.000016093400000,6.000000000000000,3005.000000000000000
99.000000000000000,1.000000000000000,0.000021509900000,0.000000000000000,2.682000000000000,0.000570778000000,0.000000000000000,178.355999999999994,0.000021480100000,0.000001005840000,-0.000570659000000,0.000016331800000,6.000000000000000,3005.000000000000000
99.000000000000000,1.000000000000000,0.000021033100000,0.000000000000000,3.198000000000000,0.000590567000000,0.000000000000000,178.409999999999996,0.000021003300000,0.000001169750000,-0.000590447000000,0.000016331800000,6.000000000000000,3005.000000000000000
99.000000000000000,1.000000000000000,0.000020846800000,0.000000000000000,3.246000000000000,0.000601653000000,0.000000000000000,178.445999999999998,0.000020817000000,0.000001177200000,-0.000601534000000,0.000016331800000,6.000000000000000,3005.000000000000000
108.000000000000000,1.000000000000000,0.000020526500000,0.000000000000000,3.240000000000000,0.000666622000000,0.000000000000000,178.614000000000004,0.000020496700000,0.000001154850000,-0.000666503000000,0.000016093400000,6.000000000000000,3005.000000000000000
108.000000000000000,1.000000000000000,0.000019826100000,0.000000000000000,2.484000000000000,0.000680331000000,0.000000000000000,178.638000000000005,0.000019811200000,0.000000856820000,-0.000680331000000,0.000016093400000,6.000000000000000,3005.000000000000000
108.000000000000000,1.000000000000000,0.000019267300000,0.000000000000000,2.478000000000000,0.000687841000000,0.000000000000000,178.644000000000005,0.000019252400000,0.000000827018000,-0.000687841000000,0.000016212600000,6.000000000000000,3005.000000000000000
117.000000000000000,1.000000000000000,0.000018656400000,0.000000000000000,3.072000000000000,0.000717048000000,0.000000000000000,178.698000000000007,0.000018626600000,0.000000998385000,-0.000717048000000,0.000016331800000,6.000000000000000,3005.000000000000000
117.000000000000000,1.000000000000000,0.000018164600000,0.000000000000000,3.072000000000000,0.000722531000000,0.000000000000000,178.698000000000007,0.000018134800000,0.000000968583000,-0.000722412000000,0.000016331800000,6.000000000000000,3005.000000000000000
117.000000000000000,1.000000000000000,0.000017970900000,0.000000000000000,2.106000000000000,0.000725631000000,0.000000000000000,178.698000000000007,0.000017956000000,0.000000655655000,-0.000725511000000,0.000016451000000,6.000000000000000,3005.000000000000000
126.000000000000000,1.000000000000000,0.000017084300000,0.000000000000000,4.140000000000000,0.000715856000000,0.000000000000000,178.674000000000006,0.000017032100000,0.000001229350000,-0.000715856000000,0.000016451000000,6.000000000000000,3005.000000000000000
126.000000000000000,1.000000000000000,0.000016771400000,0.000000000000000,4.128000000000000,0.000712518000000,0.000000000000000,178.674000000000006,0.000016719200000,0.000001199550000,-0.000712398000000,0.000016451000000,6.000000000000000,3005.000000000000000
126.000000000000000,1.000000000000000,0.000016361600000,0.000000000000000,4.344000000000000,0.000710610000000,0.000000000000000,178.692000000000007,0.000016316900000,0.000001236800000,-0.000710491000000,0.000016093400000,6.000000000000000,3005.000000000000000
135.000000000000000,1.000000000000000,0.000016078500000,0.000000000000000,3.186000000000000,0.000663046000000,0.000000000000000,178.590000000000003,0.000016048700000,0.000000886623000,-0.000663046000000,0.000016331800000,6.000000000000000,3005.000000000000000
135.000000000000000,1.000000000000000,0.000015705900000,0.000000000000000,3.186000000000000,0.000651363000000,0.000000000000000,178.572000000000003,0.000015676100000,0.000000871722000,-0.000651244000000,0.000016212600000,6.000000000000000,3005.000000000000000
135.000000000000000,1.000000000000000,0.000015393000000,0.000000000000000,4.368000000000000,0.000644807000000,0.000000000000000,178.554000000000002,0.000015348300000,0.000001169750000,-0.000644688000000,0.000016212600000,6.000000000000000,3005.000000000000000
144.000000000000000,1.000000000000000,0.000015124700000,0.000000000000000,6.246000000000000,0.000563625000000,0.000000000000000,178.361999999999995,0.000015035300000,0.000001646590000,-0.000563506000000,0.000016093400000,6.000000000000000,3005.000000000000000
144.000000000000000,1.000000000000000,0.000015057700000,0.000000000000000,5.082000000000000,0.000544671000000,0.000000000000000,178.307999999999993,0.000014998100000,0.000001326210000,-0.000544552000000,0.000015974200000,6.000000000000000,3005.000000000000000
144.000000000000000,1.000000000000000,0.000014968300000,0.000000000000000,4.392000000000000,0.000534419000000,0.000000000000000,178.283999999999992,0.000014923600000,0.000001139950000,-0.000534181000000,0.000015974200000,6.000000000000000,3005.000000000000000
153.000000000000000,1.000000000000000,0.000013962400000,0.000000000000000,4.134000000000000,0.000428559000000,0.000000000000000,177.900000000000006,0.000013932600000,0.000001005840000,-0.000428440000000,0.000015616500000,6.000000000000000,3005.000000000000000
153.000000000000000,1.000000000000000,0.000014074200000,0.000000000000000,4.536000000000000,0.000404479000000,0.000000000000000,177.762000000000000,0.000014029500000,0.000001110140000,-0.000404241000000,0.000015735700000,6.000000000000000,3005.000000000000000
153.000000000000000,1.000000000000000,0.000014223200000,0.000000000000000,4.620000000000000,0.000391008000000,0.000000000000000,177.677999999999997,0.000014178500000,0.000001139950000,-0.000390889000000,0.000015855000000,6.000000000000000,3005.000000000000000
162.000000000000000,1.000000000000000,0.000010930100000,0.000000000000000,3.846000000000000,0.000271084000000,0.000000000000000,176.699999999999988,0.000010900300000,0.000000730161000,-0.000270726000000,0.000015497300000,6.000000000000000,3005.000000000000000
162.000000000000000,1.000000000000000,0.000009581500000,0.000000000000000,5.826000000000000,0.000243903000000,0.000000000000000,176.352000000000004,0.000009536800000,0.000000968583000,-0.000243546000000,0.000015497300000,6.000000000000000,3005.000000000000000
162.000000000000000,1.000000000000000,0.000008761940000,0.000000000000000,7.386000000000000,0.000228883000000,0.000000000000000,176.123999999999995,0.000008687440000,0.000001125040000,-0.000228525000000,0.000015378100000,6.000000000000000,3005.000000000000000
171.000000000000000,1.000000000000000,0.000004932310000,0.000000000000000,18.018000000000001,0.000109673000000,0.000000000000000,171.936000000000007,0.000004686440000,0.000001519930000,-0.000108719000000,0.000015378100000,6.000000000000000,3005.000000000000000
171.000000000000000,1.000000000000000,0.000003427280000,0.000000000000000,23.327999999999999,0.000083447000000,0.000000000000000,169.421999999999997,0.000003151610000,0.000001356010000,-0.000082135700000,0.000015258900000,6.000000000000000,3005.000000000000000
171.000000000000000,1.000000000000000,0.000002212840000,0.000000000000000,34.835999999999998,0.000069141900000,0.000000000000000,167.250000000000000,0.000001817950000,0.000001266610000,-0.000067472900000,0.000015258900000,6.000000000000000,3005.000000000000000
180.000000000000000,1.000000000000000,0.000002354400000,0.000000000000000,37.776000000000003,0.000045061300000,0.000000000000000,19.584000000000000,0.000001862650000,0.000001445420000,0.000042438700000,0.000015020400000,6.000000000000000,3005.000000000000000
180.000000000000000,1.000000000000000,0.000002667320000,0.000000000000000,31.547999999999998,0.000068188200000,0.000000000000000,12.804000000000000,0.000002279890000,0.000001393270000,0.000066519200000,0.000015020400000,6.000000000000000,3005.000000000000000
180.000000000000000,1.000000000000000,0.000002786530000,0.000000000000000,36.155999999999999,0.000081182000000,0.000000000000000,10.740000000000000,0.000002250090000,0.000001646590000,0.000079751500000,0.000015020400000,6.000000000000000,3005.000000000000000
189.000000000000000,1.000000000000000,0.000005304840000,0.000000000000000,24.797999999999998,0.000169159000000,0.000000000000000,5.130000000000000,0.000004813100000,0.000002220290000,0.000168444000000,0.000015020400000,6.000000000000000,3005.000000000000000
189.000000000000000,1.000000000000000,0.000006191460000,0.000000000000000,19.175999999999998,0.000188232000000,0.000000000000000,4.590000000000000,0.000005841280000,0.000002026570000,0.000187636000000,0.000015020400000,6.000000000000000,3005.000000000000000
189.000000000000000,1.000000000000000,0.000006720450000,0.000000000000000,17.646000000000001,0.000198842000000,0.000000000000000,4.344000000000000,0.000006407530000,0.000002034020000,0.000198246000000,0.000015020400000,6.000000000000000,3005.000000000000000
198.000000000000000,1.000000000000000,0.000010430900000,0.000000000000000,10.752000000000001,0.000258448000000,0.000000000000000,3.282000000000000,0.000010252100000,0.000001944620000,0.000258090000000,0.000014782000000,6.000000000000000,3005.000000000000000
198.000000000000000,1.000000000000000,0.000011570800000,0.000000000000000,10.086000000000000,0.000270845000000,0.000000000000000,3.132000000000000,0.000011392000000,0.000002026570000,0.000270369000000,0.000014782000000,6.000000000000000,3005.000000000000000
198.000000000000000,1.000000000000000,0.000012286100000,0.000000000000000,9.960000000000001,0.000277640000000,0.000000000000000,3.030000000000000,0.000012099800000,0.000002123430000,0.000277163000000,0.000014662800000,6.000000000000000,3005.000000000000000
207.000000000000000,1.000000000000000,0.000014215800000,0.000000000000000,8.628000000000000,0.000302674000000,0.000000000000000,2.826000000000000,0.000014059300000,0.000002130880000,0.000302197000000,0.000014901200000,6.000000000000000,3005.000000000000000
207.000000000000000,1.000000000000000,0.000014543600000,0.000000000000000,8.166000000000000,0.000307085000000,0.000000000000000,2.784000000000000,0.000014394600000,0.000002063830000,0.000306727000000,0.000014901200000,6.000000000000000,3005.000000000000000
207.000000000000000,1.000000000000000,0.000014498900000,0.000000000000000,8.352000000000000,0.000309350000000,0.000000000000000,2.766000000000000,0.000014349900000,0.000002101080000,0.000309112000000,0.000014901200000,6.000000000000000,3005.000000000000000
216.000000000000000,1.000000000000000,0.000015191800000,0.000000000000000,9.342000000000001,0.000298502000000,0.000000000000000,2.844000000000000,0.000014990600000,0.000002466160000,0.000298144000000,0.000014782000000,6.000000000000000,3005.000000000000000
216.000000000000000,1.000000000000000,0.000015117300000,0.000000000000000,8.520000000000000,0.000294926000000,0.000000000000000,2.850000000000000,0.000014945900000,0.000002235190000,0.000294568000000,0.000014662800000,6.000000000000000,3005.000000000000000
216.000000000000000,1.000000000000000,0.000015132200000,0.000000000000000,9.042000000000000,0.000293018000000,0.000000000000000,2.880000000000000,0.000014945900000,0.000002376750000,0.000292661000000,0.000014662800000,6.000000000000000,3005.000000000000000
225.000000000000000,1.000000000000000,0.000014253000000,0.000000000000000,10.614000000000001,0.000247242000000,0.000000000000000,3.450000000000000,0.000014007100000,0.000002622620000,0.000246765000000,0.000014782000000,6.000000000000000,3005.000000000000000
225.000000000000000,1.000000000000000,0.000013783600000,0.000000000000000,10.055999999999999,0.000235916000000,0.000000000000000,3.630000000000000,0.000013567600000,0.000002406550000,0.000235439000000,0.000014901200000,6.000000000000000,3005.000000000000000
225.000000000000000,1.000000000000000,0.000013619700000,0.000000000000000,9.858000000000001,0.000229836000000,0.000000000000000,3.744000000000000,0.000013426000000,0.000002332050000,0.000229360000000,0.000014901200000,6.000000000000000,3005.000000000000000
234.000000000000000,1.000000000000000,0.000011615500000,0.000000000000000,10.710000000000001,0.000153185000000,0.000000000000000,5.640000000000000,0.000011414300000,0.000002153230000,0.000152470000000,0.000015020400000,6.000000000000000,3005.000000000000000
234.000000000000000,1.000000000000000,0.000010654400000,0.000000000000000,11.141999999999999,0.000135303000000,0.000000000000000,6.420000000000000,0.000010453200000,0.000002056370000,0.000134350000000,0.000015020400000,6.000000000000000,3005.000000000000000
234.000000000000000,1.000000000000000,0.000009968940000,0.000000000000000,11.880000000000001,0.000125290000000,0.000000000000000,6.966000000000000,0.000009752870000,0.000002048920000,0.000124336000000,0.000015139600000,6.000000000000000,3005.000000000000000
243.000000000000000,1.000000000000000,0.000009059960000,0.000000000000000,10.896000000000001,0.000029325600000,0.000000000000000,31.277999999999999,0.000008896050000,0.000001706190000,0.000025034100000,0.000015258900000,6.000000000000000,3005.000000000000000
243.000000000000000,1.000000000000000,0.000008717240000,0.000000000000000,10.890000000000001,0.000015378100000,0.000000000000000,81.066000000000002,0.000008553320000,0.000001646590000,0.000002384200000,0.000015258900000,6.000000000000000,3005.000000000000000
243.000000000000000,1.000000000000000,0.000008463920000,0.000000000000000,10.896000000000001,0.000018239100000,0.000000000000000,123.287999999999997,0.000008307460000,0.000001594430000,-0.000010132800000,0.000015258900000,6.000000000000000,3005.000000000000000
252.000000000000000,1.000000000000000,0.000011235500000,0.000000000000000,6.132000000000000,0.000125886000000,0.000000000000000,172.854000000000013,0.000011168500000,0.000001199550000,-0.000124932000000,0.000015616500000,6.000000000000000,3005.000000000000000
252.000000000000000,1.000000000000000,0.000012248800000,0.000000000000000,4.056000000000000,0.000151635000000,0.000000000000000,174.048000000000002,0.000012219000000,0.000000864271000,-0.000151039000000,0.000015616500000,6.000000000000000,3005.000000000000000
252.000000000000000,1.000000000000000,0.000012792700000,0.000000000000000,3.342000000000000,0.000165940000000,0.000000000000000,174.539999999999992,0.000012777800000,0.000000745062000,-0.000165344000000,0.000015735700000,6.000000000000000,3005.000000000000000
261.000000000000000,1.000000000000000,0.000016257300000,0.000000000000000,0.330000000000000,0.000283839000000,0.000000000000000,176.795999999999992,0.000016257300000,0.000000089407400,-0.000283482000000,0.000015855000000,6.000000000000000,3005.000000000000000
261.000000000000000,1.000000000000000,0.000017777200000,0.000000000000000,1.656000000000000,0.000310184000000,0.000000000000000,177.054000000000002,0.000017769800000,0.000000506643000,-0.000309946000000,0.000015855000000,6.000000000000000,3005.000000000000000
261.000000000000000,1.000000000000000,0.000018708500000,0.000000000000000,1.734000000000000,0.000324847000000,0.000000000000000,177.180000000000007,0.000018701100000,0.000000566248000,-0.000324609000000,0.000015974200000,6.000000000000000,3005.000000000000000
270.000000000000000,1.000000000000000,0.000019878300000,0.000000000000000,1.290000000000000,0.000437500000000,0.000000000000000,177.894000000000005,0.000019870800000,0.000000439586000,-0.000437262000000,0.000015974200000,6.000000000000000,3005.000000000000000
270.000000000000000,1.000000000000000,0.000020221000000,0.000000000000000,2.154000000000000,0.000462295000000,0.000000000000000,178.020000000000010,0.000020206100000,0.000000759963000,-0.000462176000000,0.000015974200000,6.000000000000000,3005.000000000000000
270.000000000000000,1.000000000000000,0.000020131600000,0.000000000000000,2.790000000000000,0.000476005000000,0.000000000000000,178.056000000000011,0.000020101800000,0.000000976033000,-0.000475885000000,0.000016093400000,6.000000000000000,3005.000000000000000
279.000000000000000,1.000000000000000,0.000019401400000,0.000000000000000,2.184000000000000,0.000568274000000,0.000000000000000,178.373999999999995,0.000019386500000,0.000000737611000,-0.000568155000000,0.000016093400000,6.000000000000000,3005.000000000000000
279.000000000000000,1.000000000000000,0.000019252400000,0.000000000000000,2.718000000000000,0.000588182000000,0.000000000000000,178.415999999999997,0.000019237500000,0.000000908974000,-0.000588063000000,0.000016212600000,6.000000000000000,3005.000000000000000
279.000000000000000,1.000000000000000,0.000019103400000,0.000000000000000,3.060000000000000,0.000599030000000,0.000000000000000,178.439999999999998,0.000019073600000,0.000001013290000,-0.000598911000000,0.000016331800000,6.000000000000000,3005.000000000000000
288.000000000000000,1.000000000000000,0.000018522300000,0.000000000000000,3.072000000000000,0.000664953000000,0.000000000000000,178.578000000000003,0.000018492500000,0.000000990934000,-0.000664834000000,0.000016451000000,6.000000000000000,3005.000000000000000
288.000000000000000,1.000000000000000,0.000018447800000,0.000000000000000,2.796000000000000,0.000678662000000,0.000000000000000,178.608000000000004,0.000018425400000,0.000000894073000,-0.000678662000000,0.000016451000000,6.000000000000000,3005.000000000000000
288.000000000000000,1.000000000000000,0.000018418000000,0.000000000000000,2.634000000000000,0.000686530000000,0.000000000000000,178.632000000000005,0.000018395600000,0.000000841919000,-0.000686411000000,0.000016331800000,6.000000000000000,3005.000000000000000
297.000000000000000,1.000000000000000,0.000018999100000,0.000000000000000,3.864000000000000,0.000717286000000,0.000000000000000,178.692000000000007,0.000018954400000,0.000001274060000,-0.000717167000000,0.000016331800000,6.000000000000000,3005.000000000000000
297.000000000000000,1.000000000000000,0.000018999100000,0.000000000000000,3.240000000000000,0.000722889000000,0.000000000000000,178.704000000000008,0.000018969300000,0.000001072890000,-0.000722770000000,0.000016331800000,6.000000000000000,3005.000000000000000
297.000000000000000,1.000000000000000,0.000018850100000,0.000000000000000,2.958000000000000,0.000725869000000,0.000000000000000,178.704000000000008,0.000018820300000,0.000000968583000,-0.000725869000000,0.000016331800000,6.000000000000000,3005.000000000000000
306.000000000000000,1.000000000000000,0.000020317800000,0.000000000000000,3.576000000000000,0.000717524000000,0.000000000000000,178.704000000000008,0.000020273100000,0.000001266610000,-0.000717524000000,0.000016212600000,6.000000000000000,3005.000000000000000
306.000000000000000,1.000000000000000,0.000020712700000,0.000000000000000,2.970000000000000,0.000714663000000,0.000000000000000,178.686000000000007,0.000020690400000,0.000001072890000,-0.000714544000000,0.000016331800000,6.000000000000000,3005.000000000000000
306.000000000000000,1.000000000000000,0.000020779800000,0.000000000000000,2.388000000000000,0.000712875000000,0.000000000000000,178.674000000000006,0.000020764900000,0.000000864271000,-0.000712875000000,0.000016451000000,6.000000000000000,3005.000000000000000
315.000000000000000,1.000000000000000,0.000021413100000,0.000000000000000,2.214000000000000,0.000666980000000,0.000000000000000,178.584000000000003,0.000021405600000,0.000000819568000,-0.000666860000000,0.000016451000000,6.000000000000000,3005.000000000000000
315.000000000000000,1.000000000000000,0.000021927200000,0.000000000000000,2.214000000000000,0.000655536000000,0.000000000000000,178.560000000000002,0.000021912300000,0.000000841919000,-0.000655416000000,0.000016451000000,6.000000000000000,3005.000000000000000
315.000000000000000,1.000000000000000,0.000022307200000,0.000000000000000,2.430000000000000,0.000648979000000,0.000000000000000,178.542000000000001,0.000022292300000,0.000000946227000,-0.000648979000000,0.000016451000000,6.000000000000000,3005.000000000000000
324.000000000000000,1.000000000000000,0.000024669000000,0.000000000000000,1.998000000000000,0.000568870000000,0.000000000000000,178.373999999999995,0.000024654100000,0.000000856820000,-0.000568870000000,0.000016093400000,6.000000000000000,3005.000000000000000
324.000000000000000,1.000000000000000,0.000025518400000,0.000000000000000,2.514000000000000,0.000550155000000,0.000000000000000,178.325999999999993,0.000025488600000,0.000001117590000,-0.000550035000000,0.000015974200000,6.000000000000000,3005.000000000000000
324.000000000000000,1.000000000000000,0.000025920700000,0.000000000000000,2.328000000000000,0.000539664000000,0.000000000000000,178.289999999999992,0.000025898300000,0.000001050540000,-0.000539545000000,0.000016093400000,6.000000000000000,3005.000000000000000
333.000000000000000,1.000000000000000,0.000026926500000,0.000000000000000,1.446000000000000,0.000434877000000,0.000000000000000,177.894000000000005,0.000026919100000,0.000000678006000,-0.000434758000000,0.000015974200000,6.000000000000000,3005.000000000000000
333.000000000000000,1.000000000000000,0.000027209600000,0.000000000000000,1.500000000000000,0.000410797000000,0.000000000000000,177.768000000000001,0.000027202200000,0.000000707809000,-0.000410559000000,0.000015974200000,6.000000000000000,3005.000000000000000
333.000000000000000,1.000000000000000,0.000026919100000,0.000000000000000,1.320000000000000,0.000397565000000,0.000000000000000,177.695999999999998,0.000026911600000,0.000000618402000,-0.000397326000000,0.000015974200000,6.000000000000000,3005.000000000000000
342.000000000000000,1.000000000000000,0.000025116000000,0.000000000000000,1.290000000000000,0.000277521000000,0.000000000000000,176.777999999999991,0.000025108600000,0.000000566248000,-0.000277163000000,0.000015497300000,6.000000000000000,3005.000000000000000
342.000000000000000,1.000000000000000,0.000024065500000,0.000000000000000,1.506000000000000,0.000250222000000,0.000000000000000,176.442000000000007,0.000024058000000,0.000000633303000,-0.000249865000000,0.000015497300000,6.000000000000000,3005.000000000000000
342.000000000000000,1.000000000000000,0.000023283200000,0.000000000000000,1.920000000000000,0.000235320000000,0.000000000000000,176.201999999999998,0.000023268300000,0.000000774864000,-0.000234962000000,0.000015497300000,6.000000000000000,3005.000000000000000
351.000000000000000,1.000000000000000,0.000018105000000,0.000000000000000,3.168000000000000,0.000115514000000,0.000000000000000,172.307999999999993,0.000018075200000,0.000000998385000,-0.000114561000000,0.000015378100000,6.000000000000000,3005.000000000000000
351.000000000000000,1.000000000000000,0.000016518100000,0.000000000000000,4.260000000000000,0.000089169000000,0.000000000000000,170.027999999999991,0.000016465900000,0.000001221900000,-0.000087976900000,0.000015378100000,6.000000000000000,3005.000000000000000
351.000000000000000,1.000000000000000,0.000015683600000,0.000000000000000,4.974000000000000,0.000074744700000,0.000000000000000,168.078000000000003,0.000015624000000,0.000001356010000,-0.000073314200000,0.000015378100000,6.000000000000000,3005.000000000000000
360.000000000000000,1.000000000000000,0.000014610600000,0.000000000000000,5.550000000000000,0.000040650600000,0.000000000000000,21.731999999999999,0.000014543600000,0.000001408170000,0.000037789600000,0.000015020400000,6.000000000000000,3005.000000000000000
360.000000000000000,1.000000000000000,0.000014335000000,0.000000000000000,5.652000000000000,0.000063777400000,0.000000000000000,13.704000000000001,0.000014267900000,0.000001408170000,0.000061989300000,0.000015020400000,6.000000000000000,3005.000000000000000
360.000000000000000,1.000000000000000,0.000013984800000,0.000000000000000,5.634000000000000,0.000076890500000,0.000000000000000,11.346000000000000,0.000013917700000,0.000001370910000,0.000075340700000,0.000015020400000,6.000000000000000,3005.000000000000000
