Angle,Magnet current (A),R2w,R2werr,Theta2w,R1w,R1werr,Theta1w,X2,Y2,X1,Y1,I_source (mA),f_source (Hz)
0.000000000000000,2.000000000000000,0.000218437000000,0.000000000000000,0.246000000000000,0.000033736500000,0.000000000000000,137.316000000000002,0.000218437000000,0.000001199550000,-0.000024914900000,0.000022888300000,9.000000000000000,3005.000000000000000
0.000000000000000,2.000000000000000,0.000218437000000,0.000000000000000,0.300000000000000,0.000089169000000,0.000000000000000,165.030000000000001,0.000218437000000,0.000001333660000,-0.000086308000000,0.000023007500000,9.000000000000000,3005.000000000000000
0.000000000000000,2.000000000000000,0.000190438000000,0.000000000000000,0.462000000000000,0.000177027000000,0.000000000000000,172.469999999999999,0.000190438000000,0.000001527380000,-0.000175596000000,0.000023126700000,9.000000000000000,3005.000000000000000
9.000000000000000,2.000000000000000,0.000027075500000,0.000000000000000,4.872000000000000,0.000172616000000,0.000000000000000,172.235999999999990,0.000026978700000,0.000002294790000,-0.000171185000000,0.000023245900000,9.000000000000000,3005.000000000000000
9.000000000000000,2.000000000000000,0.000023983500000,0.000000000000000,5.712000000000000,0.000133754000000,0.000000000000000,169.985999999999990,0.000023864300000,0.000002384200000,-0.000131727000000,0.000023245900000,9.000000000000000,3005.000000000000000
9.000000000000000,2.000000000000000,0.000022091100000,0.000000000000000,7.176000000000000,0.000112415000000,0.000000000000000,168.024000000000001,0.000021912300000,0.000002756730000,-0.000110031000000,0.000023245900000,9.000000000000000,3005.000000000000000
18.000000000000000,2.000000000000000,0.000020355100000,0.000000000000000,11.657999999999999,0.000060320100000,0.000000000000000,22.398000000000000,0.000019937900000,0.000004112750000,0.000055790200000,0.000023007500000,9.000000000000000,3005.000000000000000
18.000000000000000,2.000000000000000,0.000019468500000,0.000000000000000,12.720000000000001,0.000095248700000,0.000000000000000,13.956000000000000,0.000018991600000,0.000004284110000,0.000092506900000,0.000022888300000,9.000000000000000,3005.000000000000000
18.000000000000000,2.000000000000000,0.000019118300000,0.000000000000000,13.055999999999999,0.000114680000000,0.000000000000000,11.484000000000000,0.000018619100000,0.000004313920000,0.000112415000000,0.000022769100000,9.000000000000000,3005.000000000000000
27.000000000000000,2.000000000000000,0.000021808000000,0.000000000000000,12.635999999999999,0.000247480000000,0.000000000000000,5.316000000000000,0.000021279000000,0.000004768400000,0.000246407000000,0.000022888300000,9.000000000000000,3005.000000000000000
27.000000000000000,2.000000000000000,0.000022888300000,0.000000000000000,12.054000000000000,0.000276210000000,0.000000000000000,4.746000000000000,0.000022381700000,0.000004775850000,0.000275256000000,0.000022769100000,9.000000000000000,3005.000000000000000
27.000000000000000,2.000000000000000,0.000023506700000,0.000000000000000,11.532000000000000,0.000292065000000,0.000000000000000,4.464000000000000,0.000023037300000,0.000004693890000,0.000291230000000,0.000022649900000,9.000000000000000,3005.000000000000000
36.000000000000000,2.000000000000000,0.000024385900000,0.000000000000000,7.794000000000000,0.000383498000000,0.000000000000000,3.426000000000000,0.000024162300000,0.000003300620000,0.000382902000000,0.000022888300000,9.000000000000000,3005.000000000000000
36.000000000000000,2.000000000000000,0.000024713700000,0.000000000000000,8.609999999999999,0.000402691000000,0.000000000000000,3.258000000000000,0.000024438000000,0.000003695500000,0.000401976000000,0.000022769100000,9.000000000000000,3005.000000000000000
36.000000000000000,2.000000000000000,0.000024907400000,0.000000000000000,9.564000000000000,0.000413062000000,0.000000000000000,3.174000000000000,0.000024564700000,0.000004135100000,0.000412466000000,0.000022769100000,9.000000000000000,3005.000000000000000
45.000000000000000,2.000000000000000,0.000023991000000,0.000000000000000,10.746000000000000,0.000451567000000,0.000000000000000,2.874000000000000,0.000023566300000,0.000004470380000,0.000450971000000,0.000022649900000,9.000000000000000,3005.000000000000000
45.000000000000000,2.000000000000000,0.000023491800000,0.000000000000000,11.292000000000000,0.000458481000000,0.000000000000000,2.832000000000000,0.000023037300000,0.000004597040000,0.000458004000000,0.000022649900000,9.000000000000000,3005.000000000000000
45.000000000000000,2.000000000000000,0.000023253400000,0.000000000000000,12.125999999999999,0.000462415000000,0.000000000000000,2.808000000000000,0.000022731800000,0.000004880160000,0.000461819000000,0.000022649900000,9.000000000000000,3005.000000000000000
54.000000000000000,2.000000000000000,0.000022180500000,0.000000000000000,11.699999999999999,0.000445964000000,0.000000000000000,2.916000000000000,0.000021718600000,0.000004492730000,0.000445368000000,0.000022649900000,9.000000000000000,3005.000000000000000
54.000000000000000,2.000000000000000,0.000021778200000,0.000000000000000,11.442000000000000,0.000440480000000,0.000000000000000,2.946000000000000,0.000021338600000,0.000004313920000,0.000439884000000,0.000022530700000,9.000000000000000,3005.000000000000000
54.000000000000000,2.000000000000000,0.000021435400000,0.000000000000000,11.172000000000001,0.000437381000000,0.000000000000000,2.964000000000000,0.000021025700000,0.000004150000000,0.000436785000000,0.000022530700000,9.000000000000000,3005.000000000000000
63.000000000000000,2.000000000000000,0.000019706900000,0.000000000000000,12.978000000000000,0.000367763000000,0.000000000000000,3.546000000000000,0.000019200300000,0.000004425670000,0.000366928000000,0.000022649900000,9.000000000000000,3005.000000000000000
63.000000000000000,2.000000000000000,0.000019125800000,0.000000000000000,14.657999999999999,0.000350716000000,0.000000000000000,3.738000000000000,0.000018499900000,0.000004835460000,0.000350000000000,0.000022769100000,9.000000000000000,3005.000000000000000
63.000000000000000,2.000000000000000,0.000018693600000,0.000000000000000,15.720000000000001,0.000341417000000,0.000000000000000,3.828000000000000,0.000017993300000,0.000005066420000,0.000340702000000,0.000022769100000,9.000000000000000,3005.000000000000000
72.000000000000000,2.000000000000000,0.000015638900000,0.000000000000000,17.928000000000001,0.000223876000000,0.000000000000000,5.844000000000000,0.000014878900000,0.000004813100000,0.000222684000000,0.000022769100000,9.000000000000000,3005.000000000000000
72.000000000000000,2.000000000000000,0.000014312600000,0.000000000000000,19.481999999999999,0.000196696000000,0.000000000000000,6.690000000000000,0.000013485600000,0.000004768400000,0.000195385000000,0.000022888300000,9.000000000000000,3005.000000000000000
72.000000000000000,2.000000000000000,0.000013254600000,0.000000000000000,21.318000000000001,0.000181676000000,0.000000000000000,7.290000000000000,0.000012345700000,0.000004813100000,0.000180245000000,0.000023007500000,9.000000000000000,3005.000000000000000
81.000000000000000,2.000000000000000,0.000011324900000,0.000000000000000,20.250000000000000,0.000036359100000,0.000000000000000,39.497999999999998,0.000010624600000,0.000003919030000,0.000028014300000,0.000023126700000,9.000000000000000,3005.000000000000000
81.000000000000000,2.000000000000000,0.000010795900000,0.000000000000000,21.096000000000000,0.000023961200000,0.000000000000000,106.230000000000004,0.000010065800000,0.000003881780000,-0.000006794960000,0.000023126700000,9.000000000000000,3005.000000000000000
81.000000000000000,2.000000000000000,0.000010579900000,0.000000000000000,21.504000000000001,0.000034690100000,0.000000000000000,138.348000000000013,0.000009842280000,0.000003874330000,-0.000025987700000,0.000023007500000,9.000000000000000,3005.000000000000000
90.000000000000000,2.000000000000000,0.000016704300000,0.000000000000000,11.208000000000000,0.000202180000000,0.000000000000000,173.334000000000003,0.000016383900000,0.000003241020000,-0.000200869000000,0.000023365100000,9.000000000000000,3005.000000000000000
90.000000000000000,2.000000000000000,0.000018805400000,0.000000000000000,8.868000000000000,0.000241400000000,0.000000000000000,174.407999999999987,0.000018574400000,0.000002898290000,-0.000240327000000,0.000023484300000,9.000000000000000,3005.000000000000000
90.000000000000000,2.000000000000000,0.000020072000000,0.000000000000000,7.578000000000000,0.000262978000000,0.000000000000000,174.864000000000004,0.000019893200000,0.000002644970000,-0.000262024000000,0.000023484300000,9.000000000000000,3005.000000000000000
99.000000000000000,2.000000000000000,0.000022575400000,0.000000000000000,6.168000000000000,0.000440480000000,0.000000000000000,176.909999999999996,0.000022441300000,0.000002421450000,-0.000440003000000,0.000023722800000,9.000000000000000,3005.000000000000000
99.000000000000000,2.000000000000000,0.000023171400000,0.000000000000000,6.510000000000000,0.000480177000000,0.000000000000000,177.168000000000006,0.000023022400000,0.000002622620000,-0.000479700000000,0.000023722800000,9.000000000000000,3005.000000000000000
99.000000000000000,2.000000000000000,0.000023484300000,0.000000000000000,6.618000000000000,0.000502113000000,0.000000000000000,177.294000000000011,0.000023327900000,0.000002704580000,-0.000501756000000,0.000023722800000,9.000000000000000,3005.000000000000000
108.000000000000000,2.000000000000000,0.000023782400000,0.000000000000000,7.956000000000000,0.000669364000000,0.000000000000000,177.960000000000008,0.000023558900000,0.000003293170000,-0.000669125000000,0.000023842000000,9.000000000000000,3005.000000000000000
108.000000000000000,2.000000000000000,0.000023327900000,0.000000000000000,8.327999999999999,0.000706200000000,0.000000000000000,178.056000000000011,0.000023082000000,0.000003375130000,-0.000705842000000,0.000023842000000,9.000000000000000,3005.000000000000000
108.000000000000000,2.000000000000000,0.000022635000000,0.000000000000000,8.279999999999999,0.000726584000000,0.000000000000000,178.116000000000014,0.000022404000000,0.000003255920000,-0.000726227000000,0.000023842000000,9.000000000000000,3005.000000000000000
117.000000000000000,2.000000000000000,0.000022396600000,0.000000000000000,7.968000000000000,0.000862960000000,0.000000000000000,178.403999999999996,0.000022180500000,0.000003099460000,-0.000862721000000,0.000023961200000,9.000000000000000,3005.000000000000000
117.000000000000000,2.000000000000000,0.000021904800000,0.000000000000000,8.436000000000000,0.000892643000000,0.000000000000000,178.457999999999998,0.000021659000000,0.000003211210000,-0.000892404000000,0.000023961200000,9.000000000000000,3005.000000000000000
117.000000000000000,2.000000000000000,0.000021428000000,0.000000000000000,8.946000000000000,0.000908855000000,0.000000000000000,178.475999999999999,0.000021167200000,0.000003330420000,-0.000908617000000,0.000024080400000,9.000000000000000,3005.000000000000000
126.000000000000000,2.000000000000000,0.000020124100000,0.000000000000000,9.882000000000000,0.001003270000000,0.000000000000000,178.620000000000004,0.000019818700000,0.000003449630000,-0.001003150000000,0.000024080400000,9.000000000000000,3005.000000000000000
126.000000000000000,2.000000000000000,0.000019744200000,0.000000000000000,10.481999999999999,0.001023180000000,0.000000000000000,178.650000000000006,0.000019416300000,0.000003591190000,-0.001023060000000,0.000024080400000,9.000000000000000,3005.000000000000000
126.000000000000000,2.000000000000000,0.000019520600000,0.000000000000000,11.561999999999999,0.001033910000000,0.000000000000000,178.662000000000006,0.000019125800000,0.000003911580000,-0.001033790000000,0.000024080400000,9.000000000000000,3005.000000000000000
135.000000000000000,2.000000000000000,0.000019125800000,0.000000000000000,12.132000000000000,0.001075390000000,0.000000000000000,178.710000000000008,0.000018693600000,0.000004015890000,-0.001075160000000,0.000024199600000,9.000000000000000,3005.000000000000000
135.000000000000000,2.000000000000000,0.000018671300000,0.000000000000000,12.096000000000000,0.001082790000000,0.000000000000000,178.722000000000008,0.000018254000000,0.000003911580000,-0.001082670000000,0.000024080400000,9.000000000000000,3005.000000000000000
135.000000000000000,2.000000000000000,0.000018298700000,0.000000000000000,12.366000000000000,0.001086960000000,0.000000000000000,178.722000000000008,0.000017874100000,0.000003919030000,-0.001086840000000,0.000024080400000,9.000000000000000,3005.000000000000000
144.000000000000000,2.000000000000000,0.000017471700000,0.000000000000000,11.423999999999999,0.001070630000000,0.000000000000000,178.710000000000008,0.000017121600000,0.000003457080000,-0.001070510000000,0.000023961200000,9.000000000000000,3005.000000000000000
144.000000000000000,2.000000000000000,0.000017091700000,0.000000000000000,12.731999999999999,0.001065260000000,0.000000000000000,178.704000000000008,0.000016667100000,0.000003762560000,-0.001065020000000,0.000024080400000,9.000000000000000,3005.000000000000000
144.000000000000000,2.000000000000000,0.000016674500000,0.000000000000000,13.074000000000000,0.001062160000000,0.000000000000000,178.698000000000007,0.000016242400000,0.000003770010000,-0.001062040000000,0.000024080400000,9.000000000000000,3005.000000000000000
153.000000000000000,2.000000000000000,0.000015765500000,0.000000000000000,14.039999999999999,0.000990637000000,0.000000000000000,178.620000000000004,0.000015296200000,0.000003822180000,-0.000990517000000,0.000023842000000,9.000000000000000,3005.000000000000000
153.000000000000000,2.000000000000000,0.000015281300000,0.000000000000000,14.622000000000000,0.000972990000000,0.000000000000000,178.584000000000003,0.000014789500000,0.000003859430000,-0.000972871000000,0.000023961200000,9.000000000000000,3005.000000000000000
153.000000000000000,2.000000000000000,0.000015326000000,0.000000000000000,14.910000000000000,0.000963334000000,0.000000000000000,178.566000000000002,0.000014819300000,0.000003941390000,-0.000963096000000,0.000023961200000,9.000000000000000,3005.000000000000000
162.000000000000000,2.000000000000000,0.000014528700000,0.000000000000000,13.584000000000000,0.000842456000000,0.000000000000000,178.379999999999995,0.000014118900000,0.000003412380000,-0.000842217000000,0.000023722800000,9.000000000000000,3005.000000000000000
162.000000000000000,2.000000000000000,0.000013977300000,0.000000000000000,14.189999999999999,0.000814203000000,0.000000000000000,178.319999999999993,0.000013552700000,0.000003419830000,-0.000813965000000,0.000023842000000,9.000000000000000,3005.000000000000000
162.000000000000000,2.000000000000000,0.000013724000000,0.000000000000000,14.196000000000000,0.000798468000000,0.000000000000000,178.289999999999992,0.000013299300000,0.000003360230000,-0.000798229000000,0.000023722800000,9.000000000000000,3005.000000000000000
171.000000000000000,2.000000000000000,0.000014379700000,0.000000000000000,13.667999999999999,0.000641827000000,0.000000000000000,177.888000000000005,0.000013977300000,0.000003397480000,-0.000641469000000,0.000023603600000,9.000000000000000,3005.000000000000000
171.000000000000000,2.000000000000000,0.000014364800000,0.000000000000000,13.002000000000001,0.000605945000000,0.000000000000000,177.774000000000001,0.000013992200000,0.000003226120000,-0.000605587000000,0.000023484300000,9.000000000000000,3005.000000000000000
171.000000000000000,2.000000000000000,0.000014022100000,0.000000000000000,11.928000000000001,0.000586037000000,0.000000000000000,177.713999999999998,0.000013724000000,0.000002898290000,-0.000585679000000,0.000023365100000,9.000000000000000,3005.000000000000000
180.000000000000000,2.000000000000000,0.000014200900000,0.000000000000000,10.410000000000000,0.000408651000000,0.000000000000000,176.735999999999990,0.000013969900000,0.000002563010000,-0.000408055000000,0.000023245900000,9.000000000000000,3005.000000000000000
180.000000000000000,2.000000000000000,0.000013724000000,0.000000000000000,10.722000000000000,0.000368359000000,0.000000000000000,176.382000000000005,0.000013485600000,0.000002548110000,-0.000367763000000,0.000023245900000,9.000000000000000,3005.000000000000000
180.000000000000000,2.000000000000000,0.000013403700000,0.000000000000000,11.178000000000001,0.000346066000000,0.000000000000000,176.147999999999996,0.000013150300000,0.000002592820000,-0.000345470000000,0.000023245900000,9.000000000000000,3005.000000000000000
189.000000000000000,2.000000000000000,0.000008493720000,0.000000000000000,16.584000000000000,0.000168444000000,0.000000000000000,172.151999999999987,0.000008143540000,0.000002421450000,-0.000167013000000,0.000022888300000,9.000000000000000,3005.000000000000000
189.000000000000000,2.000000000000000,0.000006064800000,0.000000000000000,24.257999999999999,0.000129224000000,0.000000000000000,169.752000000000009,0.000005528360000,0.000002488510000,-0.000127197000000,0.000022888300000,9.000000000000000,3005.000000000000000
189.000000000000000,2.000000000000000,0.000004902510000,0.000000000000000,36.216000000000001,0.000107885000000,0.000000000000000,167.622000000000014,0.000003956290000,0.000002898290000,-0.000105501000000,0.000023126700000,9.000000000000000,3005.000000000000000
198.000000000000000,2.000000000000000,0.000004917410000,0.000000000000000,57.107999999999997,0.000063419800000,0.000000000000000,21.312000000000001,0.000002667320000,0.000004127650000,0.000059128000000,0.000023007500000,9.000000000000000,3005.000000000000000
198.000000000000000,2.000000000000000,0.000005222890000,0.000000000000000,59.310000000000002,0.000097632900000,0.000000000000000,13.608000000000001,0.000002659870000,0.000004492730000,0.000094891100000,0.000022888300000,9.000000000000000,3005.000000000000000
198.000000000000000,2.000000000000000,0.000005386800000,0.000000000000000,59.886000000000003,0.000116826000000,0.000000000000000,11.316000000000001,0.000002704580000,0.000004664090000,0.000114561000000,0.000022888300000,9.000000000000000,3005.000000000000000
207.000000000000000,2.000000000000000,0.000008747040000,0.000000000000000,33.155999999999999,0.000249626000000,0.000000000000000,5.226000000000000,0.000007323950000,0.000004783300000,0.000248553000000,0.000022649900000,9.000000000000000,3005.000000000000000
207.000000000000000,2.000000000000000,0.000010416000000,0.000000000000000,28.955999999999999,0.000278236000000,0.000000000000000,4.668000000000000,0.000009119570000,0.000005044070000,0.000277283000000,0.000022649900000,9.000000000000000,3005.000000000000000
207.000000000000000,2.000000000000000,0.000011332400000,0.000000000000000,27.768000000000001,0.000293972000000,0.000000000000000,4.422000000000000,0.000010021100000,0.000005275040000,0.000293138000000,0.000022649900000,9.000000000000000,3005.000000000000000
216.000000000000000,2.000000000000000,0.000015534600000,0.000000000000000,17.891999999999999,0.000384333000000,0.000000000000000,3.384000000000000,0.000014782000000,0.000004768400000,0.000383617000000,0.000022649900000,9.000000000000000,3005.000000000000000
216.000000000000000,2.000000000000000,0.000016562800000,0.000000000000000,16.289999999999999,0.000403168000000,0.000000000000000,3.204000000000000,0.000015892200000,0.000004641740000,0.000402572000000,0.000022530700000,9.000000000000000,3005.000000000000000
216.000000000000000,2.000000000000000,0.000017114100000,0.000000000000000,15.054000000000000,0.000413539000000,0.000000000000000,3.126000000000000,0.000016525500000,0.000004440580000,0.000412943000000,0.000022530700000,9.000000000000000,3005.000000000000000
225.000000000000000,2.000000000000000,0.000017985800000,0.000000000000000,15.029999999999999,0.000451924000000,0.000000000000000,2.910000000000000,0.000017374900000,0.000004664090000,0.000451328000000,0.000022888300000,9.000000000000000,3005.000000000000000
225.000000000000000,2.000000000000000,0.000018477600000,0.000000000000000,13.500000000000000,0.000458838000000,0.000000000000000,2.856000000000000,0.000017963500000,0.000004306460000,0.000458242000000,0.000022769100000,9.000000000000000,3005.000000000000000
225.000000000000000,2.000000000000000,0.000018492500000,0.000000000000000,13.098000000000001,0.000462534000000,0.000000000000000,2.814000000000000,0.000018015600000,0.000004187260000,0.000462057000000,0.000022649900000,9.000000000000000,3005.000000000000000
234.000000000000000,2.000000000000000,0.000018954400000,0.000000000000000,13.374000000000001,0.000446083000000,0.000000000000000,2.910000000000000,0.000018440300000,0.000004380970000,0.000445487000000,0.000022649900000,9.000000000000000,3005.000000000000000
234.000000000000000,2.000000000000000,0.000019326900000,0.000000000000000,13.134000000000000,0.000440838000000,0.000000000000000,2.946000000000000,0.000018820300000,0.000004388420000,0.000440242000000,0.000022649900000,9.000000000000000,3005.000000000000000
234.000000000000000,2.000000000000000,0.000019595100000,0.000000000000000,13.494000000000000,0.000438096000000,0.000000000000000,2.964000000000000,0.000019058700000,0.000004567240000,0.000437500000000,0.000022649900000,9.000000000000000,3005.000000000000000
243.000000000000000,2.000000000000000,0.000019647300000,0.000000000000000,14.880000000000001,0.000368716000000,0.000000000000000,3.546000000000000,0.000018991600000,0.000005044070000,0.000368001000000,0.000022769100000,9.000000000000000,3005.000000000000000
243.000000000000000,2.000000000000000,0.000019565300000,0.000000000000000,15.407999999999999,0.000351550000000,0.000000000000000,3.726000000000000,0.000018865000000,0.000005193080000,0.000350835000000,0.000022769100000,9.000000000000000,3005.000000000000000
243.000000000000000,2.000000000000000,0.000019729300000,0.000000000000000,15.456000000000000,0.000342133000000,0.000000000000000,3.834000000000000,0.000019014000000,0.000005252690000,0.000341417000000,0.000022769100000,9.000000000000000,3005.000000000000000
252.000000000000000,2.000000000000000,0.000016406300000,0.000000000000000,16.902000000000001,0.000226379000000,0.000000000000000,5.796000000000000,0.000015705900000,0.000004768400000,0.000225187000000,0.000022769100000,9.000000000000000,3005.000000000000000
252.000000000000000,2.000000000000000,0.000014841600000,0.000000000000000,18.294000000000000,0.000199080000000,0.000000000000000,6.630000000000000,0.000014089100000,0.000004656640000,0.000197769000000,0.000022888300000,9.000000000000000,3005.000000000000000
252.000000000000000,2.000000000000000,0.000013984800000,0.000000000000000,19.314000000000000,0.000183941000000,0.000000000000000,7.200000000000000,0.000013195000000,0.000004619390000,0.000182510000000,0.000023007500000,9.000000000000000,3005.000000000000000
261.000000000000000,2.000000000000000,0.000012628800000,0.000000000000000,14.484000000000000,0.000039339300000,0.000000000000000,35.921999999999997,0.000012226500000,0.000003159060000,0.000031829100000,0.000023126700000,9.000000000000000,3005.000000000000000
261.000000000000000,2.000000000000000,0.000012338200000,0.000000000000000,14.772000000000000,0.000023245900000,0.000000000000000,96.396000000000001,0.000011928400000,0.000003144160000,-0.000002622620000,0.000023126700000,9.000000000000000,3005.000000000000000
261.000000000000000,2.000000000000000,0.000012189200000,0.000000000000000,15.311999999999999,0.000031590700000,0.000000000000000,132.954000000000008,0.000011757100000,0.000003218670000,-0.000021696200000,0.000023126700000,9.000000000000000,3005.000000000000000
270.000000000000000,2.000000000000000,0.000016272200000,0.000000000000000,11.076000000000001,0.000196339000000,0.000000000000000,173.081999999999993,0.000015966700000,0.000003121810000,-0.000195147000000,0.000023603600000,9.000000000000000,3005.000000000000000
270.000000000000000,2.000000000000000,0.000018172100000,0.000000000000000,8.603999999999999,0.000235201000000,0.000000000000000,174.210000000000008,0.000017970900000,0.000002719480000,-0.000234128000000,0.000023722800000,9.000000000000000,3005.000000000000000
270.000000000000000,2.000000000000000,0.000019021400000,0.000000000000000,7.206000000000000,0.000256779000000,0.000000000000000,174.713999999999998,0.000018872400000,0.000002384200000,-0.000255825000000,0.000023603600000,9.000000000000000,3005.000000000000000
279.000000000000000,2.000000000000000,0.000022113400000,0.000000000000000,6.312000000000000,0.000434401000000,0.000000000000000,176.861999999999995,0.000021979300000,0.000002428900000,-0.000433804000000,0.000023722800000,9.000000000000000,3005.000000000000000
279.000000000000000,2.000000000000000,0.000022813800000,0.000000000000000,6.204000000000000,0.000473978000000,0.000000000000000,177.120000000000004,0.000022679700000,0.000002466160000,-0.000473501000000,0.000023722800000,9.000000000000000,3005.000000000000000
279.000000000000000,2.000000000000000,0.000023141600000,0.000000000000000,6.468000000000000,0.000495795000000,0.000000000000000,177.252000000000009,0.000022992600000,0.000002600270000,-0.000495318000000,0.000023722800000,9.000000000000000,3005.000000000000000
288.000000000000000,2.000000000000000,0.000022731800000,0.000000000000000,7.464000000000000,0.000663403000000,0.000000000000000,177.918000000000006,0.000022538100000,0.000002950440000,-0.000663046000000,0.000024080400000,9.000000000000000,3005.000000000000000
288.000000000000000,2.000000000000000,0.000022091100000,0.000000000000000,8.064000000000000,0.000700597000000,0.000000000000000,178.032000000000011,0.000021867600000,0.000003099460000,-0.000700239000000,0.000023961200000,9.000000000000000,3005.000000000000000
288.000000000000000,2.000000000000000,0.000021733500000,0.000000000000000,8.148000000000000,0.000720982000000,0.000000000000000,178.086000000000013,0.000021517400000,0.000003077100000,-0.000720743000000,0.000024080400000,9.000000000000000,3005.000000000000000
297.000000000000000,2.000000000000000,0.000021211900000,0.000000000000000,9.000000000000000,0.000857834000000,0.000000000000000,178.385999999999996,0.000020958600000,0.000003315520000,-0.000857715000000,0.000024080400000,9.000000000000000,3005.000000000000000
297.000000000000000,2.000000000000000,0.000021211900000,0.000000000000000,9.311999999999999,0.000887517000000,0.000000000000000,178.439999999999998,0.000020936200000,0.000003427280000,-0.000887278000000,0.000024080400000,9.000000000000000,3005.000000000000000
297.000000000000000,2.000000000000000,0.000021070400000,0.000000000000000,9.984000000000000,0.000903849000000,0.000000000000000,178.463999999999998,0.000020750000000,0.000003650800000,-0.000903610000000,0.000024080400000,9.000000000000000,3005.000000000000000
306.000000000000000,2.000000000000000,0.000020735100000,0.000000000000000,10.218000000000000,0.001000290000000,0.000000000000000,178.608000000000004,0.000020407300000,0.000003673150000,-0.001000170000000,0.000024199600000,9.000000000000000,3005.000000000000000
306.000000000000000,2.000000000000000,0.000020586100000,0.000000000000000,9.558000000000000,0.001020560000000,0.000000000000000,178.638000000000005,0.000020302900000,0.000003419830000,-0.001020440000000,0.000024199600000,9.000000000000000,3005.000000000000000
306.000000000000000,2.000000000000000,0.000020392400000,0.000000000000000,9.468000000000000,0.001031760000000,0.000000000000000,178.650000000000006,0.000020109200000,0.000003352780000,-0.001031640000000,0.000024318800000,9.000000000000000,3005.000000000000000
315.000000000000000,2.000000000000000,0.000021279000000,0.000000000000000,9.570000000000000,0.001075750000000,0.000000000000000,178.710000000000008,0.000020988400000,0.000003539040000,-0.001075630000000,0.000024199600000,9.000000000000000,3005.000000000000000
315.000000000000000,2.000000000000000,0.000021547200000,0.000000000000000,9.582000000000001,0.001083980000000,0.000000000000000,178.716000000000008,0.000021249200000,0.000003583740000,-0.001083740000000,0.000024318800000,9.000000000000000,3005.000000000000000
315.000000000000000,2.000000000000000,0.000021755800000,0.000000000000000,9.792000000000000,0.001088390000000,0.000000000000000,178.716000000000008,0.000021435400000,0.000003695500000,-0.001088270000000,0.000024318800000,9.000000000000000,3005.000000000000000
324.000000000000000,2.000000000000000,0.000023126700000,0.000000000000000,8.885999999999999,0.001074920000000,0.000000000000000,178.698000000000007,0.000022851000000,0.000003568840000,-0.001074680000000,0.000024438000000,9.000000000000000,3005.000000000000000
324.000000000000000,2.000000000000000,0.000023499200000,0.000000000000000,9.173999999999999,0.001070150000000,0.000000000000000,178.686000000000007,0.000023201200000,0.000003740210000,-0.001070030000000,0.000024438000000,9.000000000000000,3005.000000000000000
324.000000000000000,2.000000000000000,0.000023536500000,0.000000000000000,9.305999999999999,0.001067530000000,0.000000000000000,178.686000000000007,0.000023231000000,0.000003799810000,-0.001067410000000,0.000024438000000,9.000000000000000,3005.000000000000000
333.000000000000000,2.000000000000000,0.000026308100000,0.000000000000000,5.976000000000000,0.000998504000000,0.000000000000000,178.614000000000004,0.000026166600000,0.000002734380000,-0.000998385000000,0.000024080400000,9.000000000000000,3005.000000000000000
333.000000000000000,2.000000000000000,0.000026725300000,0.000000000000000,5.958000000000000,0.000981458000000,0.000000000000000,178.584000000000003,0.000026576300000,0.000002771630000,-0.000981338000000,0.000024199600000,9.000000000000000,3005.000000000000000
333.000000000000000,2.000000000000000,0.000026606100000,0.000000000000000,6.504000000000000,0.000972036000000,0.000000000000000,178.578000000000003,0.000026434800000,0.000003010050000,-0.000971917000000,0.000024080400000,9.000000000000000,3005.000000000000000
342.000000000000000,2.000000000000000,0.000028312300000,0.000000000000000,7.524000000000000,0.000853661000000,0.000000000000000,178.385999999999996,0.000028066500000,0.000003702950000,-0.000853423000000,0.000023961200000,9.000000000000000,3005.000000000000000
342.000000000000000,2.000000000000000,0.000028707200000,0.000000000000000,6.774000000000000,0.000825766000000,0.000000000000000,178.337999999999994,0.000028506000000,0.000003382580000,-0.000825528000000,0.000023961200000,9.000000000000000,3005.000000000000000
342.000000000000000,2.000000000000000,0.000028513500000,0.000000000000000,6.000000000000000,0.000810269000000,0.000000000000000,178.301999999999992,0.000028364500000,0.000002972800000,-0.000810031000000,0.000023961200000,9.000000000000000,3005.000000000000000
351.000000000000000,2.000000000000000,0.000030771100000,0.000000000000000,4.770000000000000,0.000655178000000,0.000000000000000,177.918000000000006,0.000030659400000,0.000002555560000,-0.000654940000000,0.000023722800000,9.000000000000000,3005.000000000000000
351.000000000000000,2.000000000000000,0.000030860500000,0.000000000000000,5.082000000000000,0.000619534000000,0.000000000000000,177.804000000000002,0.000030741300000,0.000002726930000,-0.000619177000000,0.000023722800000,9.000000000000000,3005.000000000000000
351.000000000000000,2.000000000000000,0.000030979700000,0.000000000000000,4.962000000000000,0.000599746000000,0.000000000000000,177.731999999999999,0.000030868000000,0.000002674770000,-0.000599388000000,0.000023722800000,9.000000000000000,3005.000000000000000
360.000000000000000,2.000000000000000,0.000032641200000,0.000000000000000,4.908000000000000,0.000421168000000,0.000000000000000,176.795999999999992,0.000032522000000,0.000002786530000,-0.000420691000000,0.000023484300000,9.000000000000000,3005.000000000000000
360.000000000000000,2.000000000000000,0.000032484800000,0.000000000000000,4.188000000000000,0.000380876000000,0.000000000000000,176.460000000000008,0.000032395400000,0.000002369300000,-0.000380279000000,0.000023484300000,9.000000000000000,3005.000000000000000
360.000000000000000,2.000000000000000,0.000032283600000,0.000000000000000,3.492000000000000,0.000358703000000,0.000000000000000,176.250000000000000,0.000032224000000,0.000001959520000,-0.000357987000000,0.000023365100000,9.000000000000000,3005.000000000000000
0.000000000000000,1.500000000000000,0.000044539800000,0.000000000000000,2.988000000000000,0.000164271000000,0.000000000000000,171.936000000000007,0.000044480200000,0.000002317150000,-0.000162841000000,0.000023007500000,9.000000000000000,3005.000000000000000
0.000000000000000,1.500000000000000,0.000033334100000,0.000000000000000,4.866000000000000,0.000132323000000,0.000000000000000,169.991999999999990,0.000033214900000,0.000002823780000,-0.000130416000000,0.000022888300000,9.000000000000000,3005.000000000000000
0.000000000000000,1.500000000000000,0.000027865300000,0.000000000000000,6.564000000000000,0.000113965000000,0.000000000000000,168.366000000000014,0.000027679000000,0.000003181410000,-0.000111819000000,0.000022888300000,9.000000000000000,3005.000000000000000
9.000000000000000,1.500000000000000,0.000021547200000,0.000000000000000,9.689999999999999,0.000056505400000,0.000000000000000,24.059999999999999,0.000021241700000,0.000003621000000,0.000051617900000,0.000023007500000,9.000000000000000,3005.000000000000000
9.000000000000000,1.500000000000000,0.000020735100000,0.000000000000000,11.910000000000000,0.000090957200000,0.000000000000000,14.688000000000001,0.000020288000000,0.000004276660000,0.000087976900000,0.000023007500000,9.000000000000000,3005.000000000000000
9.000000000000000,1.500000000000000,0.000020384900000,0.000000000000000,12.522000000000000,0.000110507000000,0.000000000000000,12.042000000000000,0.000019893200000,0.000004418220000,0.000108123000000,0.000022888300000,9.000000000000000,3005.000000000000000
18.000000000000000,1.500000000000000,0.000022843600000,0.000000000000000,11.327999999999999,0.000243903000000,0.000000000000000,5.394000000000000,0.000022396600000,0.000004485280000,0.000242830000000,0.000022888300000,9.000000000000000,3005.000000000000000
18.000000000000000,1.500000000000000,0.000023693000000,0.000000000000000,11.028000000000000,0.000272753000000,0.000000000000000,4.824000000000000,0.000023253400000,0.000004529980000,0.000271799000000,0.000022888300000,9.000000000000000,3005.000000000000000
18.000000000000000,1.500000000000000,0.000023938800000,0.000000000000000,10.734000000000000,0.000288846000000,0.000000000000000,4.542000000000000,0.000023521600000,0.000004455480000,0.000287892000000,0.000022769100000,9.000000000000000,3005.000000000000000
27.000000000000000,1.500000000000000,0.000025324600000,0.000000000000000,10.481999999999999,0.000380637000000,0.000000000000000,3.444000000000000,0.000024900000000,0.000004604490000,0.000380041000000,0.000022769100000,9.000000000000000,3005.000000000000000
27.000000000000000,1.500000000000000,0.000025272500000,0.000000000000000,10.686000000000000,0.000399949000000,0.000000000000000,3.288000000000000,0.000024832900000,0.000004686440000,0.000399234000000,0.000022888300000,9.000000000000000,3005.000000000000000
27.000000000000000,1.500000000000000,0.000025011700000,0.000000000000000,10.038000000000000,0.000410439000000,0.000000000000000,3.204000000000000,0.000024631700000,0.000004358620000,0.000409724000000,0.000022888300000,9.000000000000000,3005.000000000000000
36.000000000000000,1.500000000000000,0.000024467800000,0.000000000000000,10.770000000000000,0.000449421000000,0.000000000000000,2.874000000000000,0.000024035700000,0.000004567240000,0.000448944000000,0.000022530700000,9.000000000000000,3005.000000000000000
36.000000000000000,1.500000000000000,0.000023722800000,0.000000000000000,10.673999999999999,0.000456573000000,0.000000000000000,2.826000000000000,0.000023305500000,0.000004388420000,0.000456097000000,0.000022530700000,9.000000000000000,3005.000000000000000
36.000000000000000,1.500000000000000,0.000023104400000,0.000000000000000,10.811999999999999,0.000460627000000,0.000000000000000,2.802000000000000,0.000022687100000,0.000004328820000,0.000460150000000,0.000022530700000,9.000000000000000,3005.000000000000000
45.000000000000000,1.500000000000000,0.000022292300000,0.000000000000000,10.734000000000000,0.000445249000000,0.000000000000000,2.934000000000000,0.000021904800000,0.000004150000000,0.000444653000000,0.000022769100000,9.000000000000000,3005.000000000000000
45.000000000000000,1.500000000000000,0.000021636600000,0.000000000000000,11.640000000000001,0.000440123000000,0.000000000000000,2.958000000000000,0.000021189600000,0.000004366070000,0.000439527000000,0.000022769100000,9.000000000000000,3005.000000000000000
45.000000000000000,1.500000000000000,0.000021226800000,0.000000000000000,12.384000000000000,0.000437142000000,0.000000000000000,3.000000000000000,0.000020735100000,0.000004552330000,0.000436546000000,0.000022769100000,9.000000000000000,3005.000000000000000
54.000000000000000,1.500000000000000,0.000019349300000,0.000000000000000,14.885999999999999,0.000369074000000,0.000000000000000,3.552000000000000,0.000018701100000,0.000004969570000,0.000368359000000,0.000022769100000,9.000000000000000,3005.000000000000000
54.000000000000000,1.500000000000000,0.000018991600000,0.000000000000000,16.788000000000000,0.000352385000000,0.000000000000000,3.708000000000000,0.000018179500000,0.000005483660000,0.000351669000000,0.000022769100000,9.000000000000000,3005.000000000000000
54.000000000000000,1.500000000000000,0.000018827700000,0.000000000000000,17.297999999999998,0.000342967000000,0.000000000000000,3.822000000000000,0.000017978400000,0.000005595420000,0.000342133000000,0.000022769100000,9.000000000000000,3005.000000000000000
63.000000000000000,1.500000000000000,0.000014811800000,0.000000000000000,20.382000000000001,0.000227095000000,0.000000000000000,5.814000000000000,0.000013880500000,0.000005155830000,0.000225903000000,0.000022888300000,9.000000000000000,3005.000000000000000
63.000000000000000,1.500000000000000,0.000013440900000,0.000000000000000,23.640000000000001,0.000199915000000,0.000000000000000,6.606000000000000,0.000012315900000,0.000005386800000,0.000198604000000,0.000022888300000,9.000000000000000,3005.000000000000000
63.000000000000000,1.500000000000000,0.000013232300000,0.000000000000000,25.571999999999999,0.000185014000000,0.000000000000000,7.116000000000000,0.000011935900000,0.000005707170000,0.000183583000000,0.000022888300000,9.000000000000000,3005.000000000000000
72.000000000000000,1.500000000000000,0.000011161000000,0.000000000000000,19.739999999999998,0.000040293000000,0.000000000000000,35.027999999999999,0.000010512800000,0.000003770010000,0.000032902000000,0.000023126700000,9.000000000000000,3005.000000000000000
72.000000000000000,1.500000000000000,0.000009968940000,0.000000000000000,19.559999999999999,0.000023245900000,0.000000000000000,93.605999999999994,0.000009395240000,0.000003337870000,-0.000001549730000,0.000023245900000,9.000000000000000,3005.000000000000000
72.000000000000000,1.500000000000000,0.000009499550000,0.000000000000000,19.806000000000001,0.000030875400000,0.000000000000000,131.418000000000006,0.000008933300000,0.000003218670000,-0.000020504100000,0.000023126700000,9.000000000000000,3005.000000000000000
81.000000000000000,1.500000000000000,0.000015519700000,0.000000000000000,10.811999999999999,0.000196339000000,0.000000000000000,173.177999999999997,0.000015251400000,0.000002913190000,-0.000195147000000,0.000023245900000,9.000000000000000,3005.000000000000000
81.000000000000000,1.500000000000000,0.000017948600000,0.000000000000000,9.984000000000000,0.000235439000000,0.000000000000000,174.300000000000011,0.000017672900000,0.000003106910000,-0.000234486000000,0.000023365100000,9.000000000000000,3005.000000000000000
81.000000000000000,1.500000000000000,0.000019431200000,0.000000000000000,9.156000000000001,0.000257136000000,0.000000000000000,174.762000000000000,0.000019185400000,0.000003092010000,-0.000256183000000,0.000023365100000,9.000000000000000,3005.000000000000000
90.000000000000000,1.500000000000000,0.000022962800000,0.000000000000000,6.870000000000000,0.000434162000000,0.000000000000000,176.873999999999995,0.000022798900000,0.000002741830000,-0.000433566000000,0.000023603600000,9.000000000000000,3005.000000000000000
90.000000000000000,1.500000000000000,0.000024207100000,0.000000000000000,6.120000000000000,0.000473740000000,0.000000000000000,177.138000000000005,0.000024065500000,0.000002577920000,-0.000473263000000,0.000023603600000,9.000000000000000,3005.000000000000000
90.000000000000000,1.500000000000000,0.000024818000000,0.000000000000000,6.186000000000000,0.000495676000000,0.000000000000000,177.258000000000010,0.000024669000000,0.000002667320000,-0.000495199000000,0.000023722800000,9.000000000000000,3005.000000000000000
99.000000000000000,1.500000000000000,0.000023916500000,0.000000000000000,6.384000000000000,0.000663284000000,0.000000000000000,177.954000000000008,0.000023767500000,0.000002659870000,-0.000662927000000,0.000023603600000,9.000000000000000,3005.000000000000000
99.000000000000000,1.500000000000000,0.000023365100000,0.000000000000000,7.824000000000000,0.000700358000000,0.000000000000000,178.056000000000011,0.000023141600000,0.000003173960000,-0.000700120000000,0.000023722800000,9.000000000000000,3005.000000000000000
99.000000000000000,1.500000000000000,0.000023149100000,0.000000000000000,9.114000000000001,0.000720743000000,0.000000000000000,178.092000000000013,0.000022858500000,0.000003665700000,-0.000720505000000,0.000023961200000,9.000000000000000,3005.000000000000000
108.000000000000000,1.500000000000000,0.000022545600000,0.000000000000000,8.310000000000000,0.000857715000000,0.000000000000000,178.391999999999996,0.000022307200000,0.000003255920000,-0.000857595000000,0.000023961200000,9.000000000000000,3005.000000000000000
108.000000000000000,1.500000000000000,0.000022292300000,0.000000000000000,8.843999999999999,0.000887398000000,0.000000000000000,178.433999999999997,0.000022024000000,0.000003419830000,-0.000887159000000,0.000024199600000,9.000000000000000,3005.000000000000000
108.000000000000000,1.500000000000000,0.000022173000000,0.000000000000000,9.252000000000001,0.000903610000000,0.000000000000000,178.463999999999998,0.000021889900000,0.000003561390000,-0.000903372000000,0.000024199600000,9.000000000000000,3005.000000000000000
117.000000000000000,1.500000000000000,0.000020831900000,0.000000000000000,9.372000000000000,0.000999458000000,0.000000000000000,178.626000000000005,0.000020556300000,0.000003390030000,-0.000999339000000,0.000023961200000,9.000000000000000,3005.000000000000000
117.000000000000000,1.500000000000000,0.000020504100000,0.000000000000000,9.108000000000001,0.001019600000000,0.000000000000000,178.656000000000006,0.000020243300000,0.000003241020000,-0.001019370000000,0.000023842000000,9.000000000000000,3005.000000000000000
117.000000000000000,1.500000000000000,0.000020213500000,0.000000000000000,9.144000000000000,0.001030570000000,0.000000000000000,178.662000000000006,0.000019952800000,0.000003211210000,-0.001030450000000,0.000023961200000,9.000000000000000,3005.000000000000000
126.000000000000000,1.500000000000000,0.000019863400000,0.000000000000000,11.832000000000001,0.001073370000000,0.000000000000000,178.710000000000008,0.000019438700000,0.000004068050000,-0.001073250000000,0.000024080400000,9.000000000000000,3005.000000000000000
126.000000000000000,1.500000000000000,0.000019155600000,0.000000000000000,11.196000000000000,0.001081240000000,0.000000000000000,178.716000000000008,0.000018790500000,0.000003717850000,-0.001081120000000,0.000024080400000,9.000000000000000,3005.000000000000000
126.000000000000000,1.500000000000000,0.000018693600000,0.000000000000000,11.141999999999999,0.001085530000000,0.000000000000000,178.722000000000008,0.000018343400000,0.000003606100000,-0.001085290000000,0.000024080400000,9.000000000000000,3005.000000000000000
135.000000000000000,1.500000000000000,0.000017002300000,0.000000000000000,12.288000000000000,0.001070390000000,0.000000000000000,178.692000000000007,0.000016614900000,0.000003613550000,-0.001070150000000,0.000024438000000,9.000000000000000,3005.000000000000000
135.000000000000000,1.500000000000000,0.000016443500000,0.000000000000000,12.689999999999999,0.001065260000000,0.000000000000000,178.692000000000007,0.000016041200000,0.000003606100000,-0.001065140000000,0.000024318800000,9.000000000000000,3005.000000000000000
135.000000000000000,1.500000000000000,0.000016309400000,0.000000000000000,13.157999999999999,0.001062400000000,0.000000000000000,178.698000000000007,0.000015884800000,0.000003710400000,-0.001062160000000,0.000024080400000,9.000000000000000,3005.000000000000000
144.000000000000000,1.500000000000000,0.000015504800000,0.000000000000000,10.805999999999999,0.000991233000000,0.000000000000000,178.608000000000004,0.000015229000000,0.000002905740000,-0.000991113000000,0.000023961200000,9.000000000000000,3005.000000000000000
144.000000000000000,1.500000000000000,0.000014640400000,0.000000000000000,12.090000000000000,0.000973824000000,0.000000000000000,178.584000000000003,0.000014312600000,0.000003062200000,-0.000973705000000,0.000023961200000,9.000000000000000,3005.000000000000000
144.000000000000000,1.500000000000000,0.000014186000000,0.000000000000000,12.534000000000001,0.000964168000000,0.000000000000000,178.566000000000002,0.000013850700000,0.000003077100000,-0.000964049000000,0.000024080400000,9.000000000000000,3005.000000000000000
153.000000000000000,1.500000000000000,0.000013113100000,0.000000000000000,13.728000000000000,0.000843648000000,0.000000000000000,178.379999999999995,0.000012740600000,0.000003106910000,-0.000843409000000,0.000023842000000,9.000000000000000,3005.000000000000000
153.000000000000000,1.500000000000000,0.000012867200000,0.000000000000000,12.773999999999999,0.000815276000000,0.000000000000000,178.331999999999993,0.000012546800000,0.000002846140000,-0.000815038000000,0.000023722800000,9.000000000000000,3005.000000000000000
153.000000000000000,1.500000000000000,0.000012628800000,0.000000000000000,12.678000000000001,0.000799779000000,0.000000000000000,178.295999999999992,0.000012323300000,0.000002771630000,-0.000799660000000,0.000023722800000,9.000000000000000,3005.000000000000000
162.000000000000000,1.500000000000000,0.000012822500000,0.000000000000000,16.956000000000000,0.000643019000000,0.000000000000000,177.882000000000005,0.000012263700000,0.000003732760000,-0.000642661000000,0.000023722800000,9.000000000000000,3005.000000000000000
162.000000000000000,1.500000000000000,0.000012777800000,0.000000000000000,15.641999999999999,0.000607017000000,0.000000000000000,177.756000000000000,0.000012301000000,0.000003442180000,-0.000606660000000,0.000023722800000,9.000000000000000,3005.000000000000000
162.000000000000000,1.500000000000000,0.000012643700000,0.000000000000000,14.250000000000000,0.000586990000000,0.000000000000000,177.677999999999997,0.000012256300000,0.000003106910000,-0.000586633000000,0.000023722800000,9.000000000000000,3005.000000000000000
171.000000000000000,1.500000000000000,0.000012122200000,0.000000000000000,13.968000000000000,0.000409009000000,0.000000000000000,176.729999999999990,0.000011764500000,0.000002920640000,-0.000408413000000,0.000023245900000,9.000000000000000,3005.000000000000000
171.000000000000000,1.500000000000000,0.000011868800000,0.000000000000000,11.724000000000000,0.000368716000000,0.000000000000000,176.364000000000004,0.000011623000000,0.000002406550000,-0.000368120000000,0.000023365100000,9.000000000000000,3005.000000000000000
171.000000000000000,1.500000000000000,0.000011630400000,0.000000000000000,11.400000000000000,0.000346424000000,0.000000000000000,176.117999999999995,0.000011399400000,0.000002294790000,-0.000345709000000,0.000023365100000,9.000000000000000,3005.000000000000000
180.000000000000000,1.500000000000000,0.000006087150000,0.000000000000000,28.187999999999999,0.000168920000000,0.000000000000000,172.086000000000013,0.000005371900000,0.000002875940000,-0.000167490000000,0.000023245900000,9.000000000000000,3005.000000000000000
180.000000000000000,1.500000000000000,0.000004343720000,0.000000000000000,44.130000000000003,0.000129581000000,0.000000000000000,169.692000000000007,0.000003114360000,0.000003024950000,-0.000127555000000,0.000023126700000,9.000000000000000,3005.000000000000000
180.000000000000000,1.500000000000000,0.000003516690000,0.000000000000000,61.398000000000003,0.000107885000000,0.000000000000000,167.627999999999986,0.000001683840000,0.000003092010000,-0.000105501000000,0.000023126700000,9.000000000000000,3005.000000000000000
189.000000000000000,1.500000000000000,0.000004425670000,0.000000000000000,72.737999999999999,0.000063062200000,0.000000000000000,21.462000000000000,0.000001311310000,0.000004224510000,0.000058651200000,0.000023007500000,9.000000000000000,3005.000000000000000
189.000000000000000,1.500000000000000,0.000004723700000,0.000000000000000,75.299999999999997,0.000097275200000,0.000000000000000,13.619999999999999,0.000001199550000,0.000004567240000,0.000094652600000,0.000022888300000,9.000000000000000,3005.000000000000000
189.000000000000000,1.500000000000000,0.000004775850000,0.000000000000000,76.932000000000002,0.000116826000000,0.000000000000000,11.286000000000000,0.000001072890000,0.000004649190000,0.000114561000000,0.000022769100000,9.000000000000000,3005.000000000000000
198.000000000000000,1.500000000000000,0.000007644350000,0.000000000000000,37.740000000000002,0.000248911000000,0.000000000000000,5.238000000000000,0.000006042450000,0.000004678990000,0.000247838000000,0.000022649900000,9.000000000000000,3005.000000000000000
198.000000000000000,1.500000000000000,0.000009104670000,0.000000000000000,30.396000000000001,0.000277521000000,0.000000000000000,4.698000000000000,0.000007852970000,0.000004604490000,0.000276567000000,0.000022769100000,9.000000000000000,3005.000000000000000
198.000000000000000,1.500000000000000,0.000010043400000,0.000000000000000,27.803999999999998,0.000293376000000,0.000000000000000,4.470000000000000,0.000008881150000,0.000004686440000,0.000292541000000,0.000022769100000,9.000000000000000,3005.000000000000000
207.000000000000000,1.500000000000000,0.000013910300000,0.000000000000000,16.853999999999999,0.000383617000000,0.000000000000000,3.366000000000000,0.000013306800000,0.000004030790000,0.000382902000000,0.000022530700000,9.000000000000000,3005.000000000000000
207.000000000000000,1.500000000000000,0.000014945900000,0.000000000000000,16.103999999999999,0.000402333000000,0.000000000000000,3.228000000000000,0.000014357300000,0.000004142550000,0.000401737000000,0.000022649900000,9.000000000000000,3005.000000000000000
207.000000000000000,1.500000000000000,0.000015713400000,0.000000000000000,16.326000000000000,0.000412585000000,0.000000000000000,3.138000000000000,0.000015080000000,0.000004418220000,0.000411989000000,0.000022530700000,9.000000000000000,3005.000000000000000
216.000000000000000,1.500000000000000,0.000018425400000,0.000000000000000,15.660000000000000,0.000450613000000,0.000000000000000,2.886000000000000,0.000017732500000,0.000004969570000,0.000450017000000,0.000022649900000,9.000000000000000,3005.000000000000000
216.000000000000000,1.500000000000000,0.000018678700000,0.000000000000000,14.532000000000000,0.000457408000000,0.000000000000000,2.838000000000000,0.000018075200000,0.000004686440000,0.000456931000000,0.000022649900000,9.000000000000000,3005.000000000000000
216.000000000000000,1.500000000000000,0.000018648900000,0.000000000000000,14.130000000000001,0.000461223000000,0.000000000000000,2.808000000000000,0.000018082700000,0.000004552330000,0.000460746000000,0.000022530700000,9.000000000000000,3005.000000000000000
225.000000000000000,1.500000000000000,0.000019177900000,0.000000000000000,13.055999999999999,0.000445010000000,0.000000000000000,2.922000000000000,0.000018678700000,0.000004328820000,0.000444414000000,0.000022649900000,9.000000000000000,3005.000000000000000
225.000000000000000,1.500000000000000,0.000019788900000,0.000000000000000,12.606000000000000,0.000439765000000,0.000000000000000,2.952000000000000,0.000019312000000,0.000004313920000,0.000439169000000,0.000022649900000,9.000000000000000,3005.000000000000000
225.000000000000000,1.500000000000000,0.000019788900000,0.000000000000000,13.656000000000001,0.000436665000000,0.000000000000000,2.982000000000000,0.000019230100000,0.000004671540000,0.000436069000000,0.000022649900000,9.000000000000000,3005.000000000000000
234.000000000000000,1.500000000000000,0.000019326900000,0.000000000000000,15.252000000000001,0.000368001000000,0.000000000000000,3.528000000000000,0.000018648900000,0.000005081330000,0.000367405000000,0.000022649900000,9.000000000000000,3005.000000000000000
234.000000000000000,1.500000000000000,0.000019535500000,0.000000000000000,15.840000000000000,0.000351312000000,0.000000000000000,3.702000000000000,0.000018797900000,0.000005327190000,0.000350477000000,0.000022649900000,9.000000000000000,3005.000000000000000
234.000000000000000,1.500000000000000,0.000019982600000,0.000000000000000,15.558000000000000,0.000341894000000,0.000000000000000,3.804000000000000,0.000019252400000,0.000005357000000,0.000341179000000,0.000022649900000,9.000000000000000,3005.000000000000000
243.000000000000000,1.500000000000000,0.000017158800000,0.000000000000000,14.832000000000001,0.000226618000000,0.000000000000000,5.826000000000000,0.000016592600000,0.000004388420000,0.000225426000000,0.000023007500000,9.000000000000000,3005.000000000000000
243.000000000000000,1.500000000000000,0.000015862400000,0.000000000000000,16.475999999999999,0.000199438000000,0.000000000000000,6.636000000000000,0.000015206700000,0.000004492730000,0.000198127000000,0.000023007500000,9.000000000000000,3005.000000000000000
243.000000000000000,1.500000000000000,0.000015363200000,0.000000000000000,18.042000000000002,0.000184537000000,0.000000000000000,7.176000000000000,0.000014610600000,0.000004753500000,0.000183106000000,0.000022888300000,9.000000000000000,3005.000000000000000
252.000000000000000,1.500000000000000,0.000013299300000,0.000000000000000,15.936000000000000,0.000040769800000,0.000000000000000,34.572000000000003,0.000012792700000,0.000003650800000,0.000033617300000,0.000023126700000,9.000000000000000,3005.000000000000000
252.000000000000000,1.500000000000000,0.000012643700000,0.000000000000000,17.039999999999999,0.000023245900000,0.000000000000000,91.638000000000005,0.000012092400000,0.000003702950000,-0.000000715259000,0.000023245900000,9.000000000000000,3005.000000000000000
252.000000000000000,1.500000000000000,0.000012040200000,0.000000000000000,18.353999999999999,0.000030279300000,0.000000000000000,130.110000000000014,0.000011429200000,0.000003792360000,-0.000019669600000,0.000023245900000,9.000000000000000,3005.000000000000000
261.000000000000000,1.500000000000000,0.000016860800000,0.000000000000000,9.990000000000000,0.000193835000000,0.000000000000000,173.003999999999991,0.000016607500000,0.000002920640000,-0.000192405000000,0.000023484300000,9.000000000000000,3005.000000000000000
261.000000000000000,1.500000000000000,0.000018499900000,0.000000000000000,8.369999999999999,0.000232697000000,0.000000000000000,174.162000000000006,0.000018298700000,0.000002689670000,-0.000231625000000,0.000023603600000,9.000000000000000,3005.000000000000000
261.000000000000000,1.500000000000000,0.000019639800000,0.000000000000000,8.034000000000001,0.000254037000000,0.000000000000000,174.653999999999996,0.000019446100000,0.000002741830000,-0.000253083000000,0.000023603600000,9.000000000000000,3005.000000000000000
270.000000000000000,1.500000000000000,0.000022165600000,0.000000000000000,7.950000000000000,0.000430705000000,0.000000000000000,176.831999999999993,0.000021949500000,0.000003062200000,-0.000430109000000,0.000023722800000,9.000000000000000,3005.000000000000000
270.000000000000000,1.500000000000000,0.000022933000000,0.000000000000000,7.866000000000000,0.000470283000000,0.000000000000000,177.090000000000003,0.000022724400000,0.000003136710000,-0.000469806000000,0.000023842000000,9.000000000000000,3005.000000000000000
270.000000000000000,1.500000000000000,0.000023320400000,0.000000000000000,7.290000000000000,0.000492219000000,0.000000000000000,177.228000000000008,0.000023134200000,0.000002957900000,-0.000491742000000,0.000023722800000,9.000000000000000,3005.000000000000000
279.000000000000000,1.500000000000000,0.000022173000000,0.000000000000000,7.146000000000000,0.000660066000000,0.000000000000000,177.918000000000006,0.000022001700000,0.000002756730000,-0.000659708000000,0.000023961200000,9.000000000000000,3005.000000000000000
279.000000000000000,1.500000000000000,0.000021316200000,0.000000000000000,8.310000000000000,0.000697140000000,0.000000000000000,178.020000000000010,0.000021085300000,0.000003077100000,-0.000696782000000,0.000023961200000,9.000000000000000,3005.000000000000000
279.000000000000000,1.500000000000000,0.000020906400000,0.000000000000000,8.651999999999999,0.000717524000000,0.000000000000000,178.080000000000012,0.000020668000000,0.000003144160000,-0.000717167000000,0.000023961200000,9.000000000000000,3005.000000000000000
288.000000000000000,1.500000000000000,0.000020541400000,0.000000000000000,10.980000000000000,0.000854973000000,0.000000000000000,178.385999999999996,0.000020168800000,0.000003911580000,-0.000854734000000,0.000023961200000,9.000000000000000,3005.000000000000000
288.000000000000000,1.500000000000000,0.000020615900000,0.000000000000000,10.560000000000000,0.000884656000000,0.000000000000000,178.439999999999998,0.000020265700000,0.000003777460000,-0.000884417000000,0.000023961200000,9.000000000000000,3005.000000000000000
288.000000000000000,1.500000000000000,0.000020705300000,0.000000000000000,10.254000000000000,0.000900868000000,0.000000000000000,178.475999999999999,0.000020370000000,0.000003680600000,-0.000900630000000,0.000023842000000,9.000000000000000,3005.000000000000000
297.000000000000000,1.500000000000000,0.000020101800000,0.000000000000000,8.904000000000000,0.000997432000000,0.000000000000000,178.620000000000004,0.000019863400000,0.000003106910000,-0.000997312000000,0.000023961200000,9.000000000000000,3005.000000000000000
297.000000000000000,1.500000000000000,0.000020265700000,0.000000000000000,9.462000000000000,0.001017820000000,0.000000000000000,178.644000000000005,0.000019997500000,0.000003330420000,-0.001017700000000,0.000024080400000,9.000000000000000,3005.000000000000000
297.000000000000000,1.500000000000000,0.000020302900000,0.000000000000000,9.618000000000000,0.001029020000000,0.000000000000000,178.650000000000006,0.000020012400000,0.000003390030000,-0.001028900000000,0.000024199600000,9.000000000000000,3005.000000000000000
306.000000000000000,1.500000000000000,0.000021159800000,0.000000000000000,9.132000000000000,0.001073370000000,0.000000000000000,178.692000000000007,0.000020899000000,0.000003352780000,-0.001073250000000,0.000024438000000,9.000000000000000,3005.000000000000000
306.000000000000000,1.500000000000000,0.000021822900000,0.000000000000000,9.816000000000001,0.001081710000000,0.000000000000000,178.710000000000008,0.000021502500000,0.000003717850000,-0.001081590000000,0.000024318800000,9.000000000000000,3005.000000000000000
306.000000000000000,1.500000000000000,0.000022098500000,0.000000000000000,10.302000000000000,0.001086360000000,0.000000000000000,178.710000000000008,0.000021740900000,0.000003948840000,-0.001086240000000,0.000024318800000,9.000000000000000,3005.000000000000000
315.000000000000000,1.500000000000000,0.000023737700000,0.000000000000000,8.574000000000000,0.001073730000000,0.000000000000000,178.704000000000008,0.000023469400000,0.000003539040000,-0.001073490000000,0.000024199600000,9.000000000000000,3005.000000000000000
315.000000000000000,1.500000000000000,0.000024266700000,0.000000000000000,8.814000000000000,0.001068960000000,0.000000000000000,178.698000000000007,0.000023983500000,0.000003717850000,-0.001068840000000,0.000024199600000,9.000000000000000,3005.000000000000000
315.000000000000000,1.500000000000000,0.000024363500000,0.000000000000000,8.561999999999999,0.001066330000000,0.000000000000000,178.698000000000007,0.000024087800000,0.000003621000000,-0.001066220000000,0.000024080400000,9.000000000000000,3005.000000000000000
324.000000000000000,1.500000000000000,0.000025972800000,0.000000000000000,8.022000000000000,0.000997432000000,0.000000000000000,178.608000000000004,0.000025719500000,0.000003621000000,-0.000997312000000,0.000024318800000,9.000000000000000,3005.000000000000000
324.000000000000000,1.500000000000000,0.000026568900000,0.000000000000000,7.626000000000000,0.000980504000000,0.000000000000000,178.584000000000003,0.000026337900000,0.000003524140000,-0.000980265000000,0.000024199600000,9.000000000000000,3005.000000000000000
324.000000000000000,1.500000000000000,0.000027150000000,0.000000000000000,7.518000000000000,0.000971202000000,0.000000000000000,178.572000000000003,0.000026911600000,0.000003546490000,-0.000970963000000,0.000024080400000,9.000000000000000,3005.000000000000000
333.000000000000000,1.500000000000000,0.000029109500000,0.000000000000000,5.838000000000000,0.000852350000000,0.000000000000000,178.379999999999995,0.000028953100000,0.000002957900000,-0.000852112000000,0.000023961200000,9.000000000000000,3005.000000000000000
333.000000000000000,1.500000000000000,0.000029474600000,0.000000000000000,5.826000000000000,0.000824574000000,0.000000000000000,178.331999999999993,0.000029318200000,0.000002987700000,-0.000824336000000,0.000023961200000,9.000000000000000,3005.000000000000000
333.000000000000000,1.500000000000000,0.000029780100000,0.000000000000000,5.886000000000000,0.000809077000000,0.000000000000000,178.295999999999992,0.000029623600000,0.000003047300000,-0.000808839000000,0.000023961200000,9.000000000000000,3005.000000000000000
342.000000000000000,1.500000000000000,0.000032849800000,0.000000000000000,5.844000000000000,0.000653509000000,0.000000000000000,177.894000000000005,0.000032678500000,0.000003345330000,-0.000653271000000,0.000023961200000,9.000000000000000,3005.000000000000000
342.000000000000000,1.500000000000000,0.000033058500000,0.000000000000000,6.018000000000000,0.000617865000000,0.000000000000000,177.774000000000001,0.000032879600000,0.000003464530000,-0.000617508000000,0.000023961200000,9.000000000000000,3005.000000000000000
342.000000000000000,1.500000000000000,0.000033274500000,0.000000000000000,5.808000000000000,0.000598196000000,0.000000000000000,177.707999999999998,0.000033103200000,0.000003360230000,-0.000597838000000,0.000023842000000,9.000000000000000,3005.000000000000000
351.000000000000000,1.500000000000000,0.000034705000000,0.000000000000000,3.522000000000000,0.000419857000000,0.000000000000000,176.777999999999991,0.000034638000000,0.000002130880000,-0.000419261000000,0.000023484300000,9.000000000000000,3005.000000000000000
351.000000000000000,1.500000000000000,0.000034667800000,0.000000000000000,3.396000000000000,0.000379207000000,0.000000000000000,176.454000000000008,0.000034608200000,0.000002048920000,-0.000378611000000,0.000023365100000,9.000000000000000,3005.000000000000000
351.000000000000000,1.500000000000000,0.000034645400000,0.000000000000000,3.330000000000000,0.000356795000000,0.000000000000000,176.231999999999999,0.000034585800000,0.000002011670000,-0.000356199000000,0.000023365100000,9.000000000000000,3005.000000000000000
360.000000000000000,1.500000000000000,0.000028610300000,0.000000000000000,5.616000000000000,0.000178338000000,0.000000000000000,172.506000000000000,0.000028468800000,0.000002793980000,-0.000177027000000,0.000023245900000,9.000000000000000,3005.000000000000000
360.000000000000000,1.500000000000000,0.000026300700000,0.000000000000000,6.420000000000000,0.000138999000000,0.000000000000000,170.400000000000006,0.000026136800000,0.000002935540000,-0.000137211000000,0.000023126700000,9.000000000000000,3005.000000000000000
360.000000000000000,1.500000000000000,0.000024818000000,0.000000000000000,6.726000000000000,0.000117422000000,0.000000000000000,168.575999999999993,0.000024639200000,0.000002905740000,-0.000115157000000,0.000023245900000,9.000000000000000,3005.000000000000000
0.000000000000000,1.000000000000000,0.000036031200000,0.000000000000000,5.298000000000000,0.000070691600000,0.000000000000000,18.893999999999998,0.000035882200000,0.000003322970000,0.000066996100000,0.000022888300000,9.000000000000000,3005.000000000000000
0.000000000000000,1.000000000000000,0.000029131900000,0.000000000000000,7.020000000000000,0.000099301800000,0.000000000000000,13.308000000000000,0.000028908400000,0.000003553940000,0.000096560000000,0.000022769100000,9.000000000000000,3005.000000000000000
0.000000000000000,1.000000000000000,0.000025801500000,0.000000000000000,8.526000000000000,0.000115872000000,0.000000000000000,11.340000000000000,0.000025518400000,0.000003822180000,0.000113607000000,0.000022769100000,9.000000000000000,3005.000000000000000
9.000000000000000,1.000000000000000,0.000025749300000,0.000000000000000,10.410000000000000,0.000246050000000,0.000000000000000,5.316000000000000,0.000025324600000,0.000004649190000,0.000244977000000,0.000022769100000,9.000000000000000,3005.000000000000000
9.000000000000000,1.000000000000000,0.000026494400000,0.000000000000000,10.289999999999999,0.000274541000000,0.000000000000000,4.764000000000000,0.000026069700000,0.000004731150000,0.000273706000000,0.000022769100000,9.000000000000000,3005.000000000000000
9.000000000000000,1.000000000000000,0.000026978700000,0.000000000000000,10.230000000000000,0.000290396000000,0.000000000000000,4.488000000000000,0.000026546500000,0.000004790750000,0.000289561000000,0.000022649900000,9.000000000000000,3005.000000000000000
18.000000000000000,1.000000000000000,0.000026486900000,0.000000000000000,10.746000000000000,0.000381352000000,0.000000000000000,3.420000000000000,0.000026025000000,0.000004939760000,0.000380637000000,0.000022649900000,9.000000000000000,3005.000000000000000
18.000000000000000,1.000000000000000,0.000026494400000,0.000000000000000,10.872000000000000,0.000400068000000,0.000000000000000,3.240000000000000,0.000026025000000,0.000004999370000,0.000399472000000,0.000022530700000,9.000000000000000,3005.000000000000000
18.000000000000000,1.000000000000000,0.000026524200000,0.000000000000000,10.968000000000000,0.000410439000000,0.000000000000000,3.156000000000000,0.000026032400000,0.000005044070000,0.000409843000000,0.000022530700000,9.000000000000000,3005.000000000000000
27.000000000000000,1.000000000000000,0.000025250100000,0.000000000000000,10.602000000000000,0.000448825000000,0.000000000000000,2.910000000000000,0.000024818000000,0.000004641740000,0.000448229000000,0.000022769100000,9.000000000000000,3005.000000000000000
27.000000000000000,1.000000000000000,0.000024147400000,0.000000000000000,10.560000000000000,0.000455858000000,0.000000000000000,2.868000000000000,0.000023745100000,0.000004425670000,0.000455262000000,0.000022769100000,9.000000000000000,3005.000000000000000
27.000000000000000,1.000000000000000,0.000023670600000,0.000000000000000,10.284000000000001,0.000459673000000,0.000000000000000,2.826000000000000,0.000023290600000,0.000004224510000,0.000459196000000,0.000022649900000,9.000000000000000,3005.000000000000000
36.000000000000000,1.000000000000000,0.000022024000000,0.000000000000000,12.263999999999999,0.000443460000000,0.000000000000000,2.940000000000000,0.000021524800000,0.000004678990000,0.000442864000000,0.000022649900000,9.000000000000000,3005.000000000000000
36.000000000000000,1.000000000000000,0.000021167200000,0.000000000000000,12.864000000000001,0.000438454000000,0.000000000000000,2.946000000000000,0.000020638200000,0.000004708800000,0.000437858000000,0.000022530700000,9.000000000000000,3005.000000000000000
36.000000000000000,1.000000000000000,0.000020876600000,0.000000000000000,13.199999999999999,0.000435593000000,0.000000000000000,2.976000000000000,0.000020325300000,0.000004760950000,0.000434997000000,0.000022530700000,9.000000000000000,3005.000000000000000
45.000000000000000,1.000000000000000,0.000018298700000,0.000000000000000,16.032000000000000,0.000367763000000,0.000000000000000,3.540000000000000,0.000017583500000,0.000005051520000,0.000367047000000,0.000022649900000,9.000000000000000,3005.000000000000000
45.000000000000000,1.000000000000000,0.000017926200000,0.000000000000000,17.411999999999999,0.000350954000000,0.000000000000000,3.738000000000000,0.000017106600000,0.000005364450000,0.000350239000000,0.000022769100000,9.000000000000000,3005.000000000000000
45.000000000000000,1.000000000000000,0.000017851700000,0.000000000000000,17.736000000000001,0.000341775000000,0.000000000000000,3.846000000000000,0.000017002300000,0.000005438950000,0.000340940000000,0.000022888300000,9.000000000000000,3005.000000000000000
54.000000000000000,1.000000000000000,0.000014901200000,0.000000000000000,19.026000000000000,0.000226856000000,0.000000000000000,5.796000000000000,0.000014089100000,0.000004857810000,0.000225783000000,0.000022888300000,9.000000000000000,3005.000000000000000
54.000000000000000,1.000000000000000,0.000013604800000,0.000000000000000,22.230000000000000,0.000200034000000,0.000000000000000,6.582000000000000,0.000012591500000,0.000005140930000,0.000198842000000,0.000022888300000,9.000000000000000,3005.000000000000000
54.000000000000000,1.000000000000000,0.000012680900000,0.000000000000000,23.802000000000000,0.000185252000000,0.000000000000000,7.104000000000000,0.000011600600000,0.000005118580000,0.000183822000000,0.000022888300000,9.000000000000000,3005.000000000000000
63.000000000000000,1.000000000000000,0.000010907700000,0.000000000000000,21.155999999999999,0.000041604300000,0.000000000000000,33.509999999999998,0.000010177600000,0.000003933940000,0.000034690100000,0.000022888300000,9.000000000000000,3005.000000000000000
63.000000000000000,1.000000000000000,0.000010319100000,0.000000000000000,21.294000000000000,0.000022888300000,0.000000000000000,88.835999999999998,0.000009611310000,0.000003740210000,0.000000357630000,0.000022888300000,9.000000000000000,3005.000000000000000
63.000000000000000,1.000000000000000,0.000009648560000,0.000000000000000,22.158000000000001,0.000029564000000,0.000000000000000,128.520000000000010,0.000008933300000,0.000003635900000,-0.000018477600000,0.000023126700000,9.000000000000000,3005.000000000000000
72.000000000000000,1.000000000000000,0.000014908700000,0.000000000000000,11.454000000000001,0.000192762000000,0.000000000000000,172.985999999999990,0.000014610600000,0.000002957900000,-0.000191332000000,0.000023484300000,9.000000000000000,3005.000000000000000
72.000000000000000,1.000000000000000,0.000017061900000,0.000000000000000,9.036000000000000,0.000231625000000,0.000000000000000,174.186000000000007,0.000016845900000,0.000002674770000,-0.000230552000000,0.000023365100000,9.000000000000000,3005.000000000000000
72.000000000000000,1.000000000000000,0.000018514800000,0.000000000000000,8.298000000000000,0.000253083000000,0.000000000000000,174.665999999999997,0.000018321100000,0.000002667320000,-0.000252130000000,0.000023484300000,9.000000000000000,3005.000000000000000
81.000000000000000,1.000000000000000,0.000022858500000,0.000000000000000,7.170000000000000,0.000429275000000,0.000000000000000,176.849999999999994,0.000022672200000,0.000002846140000,-0.000428678000000,0.000023484300000,9.000000000000000,3005.000000000000000
81.000000000000000,1.000000000000000,0.000023827100000,0.000000000000000,6.636000000000000,0.000468614000000,0.000000000000000,177.096000000000003,0.000023670600000,0.000002749280000,-0.000468137000000,0.000023722800000,9.000000000000000,3005.000000000000000
81.000000000000000,1.000000000000000,0.000024274100000,0.000000000000000,5.976000000000000,0.000490550000000,0.000000000000000,177.210000000000008,0.000024140000000,0.000002525760000,-0.000490073000000,0.000023842000000,9.000000000000000,3005.000000000000000
90.000000000000000,1.000000000000000,0.000024631700000,0.000000000000000,8.970000000000001,0.000658277000000,0.000000000000000,177.912000000000006,0.000024326300000,0.000003837080000,-0.000657920000000,0.000023961200000,9.000000000000000,3005.000000000000000
90.000000000000000,1.000000000000000,0.000024601900000,0.000000000000000,8.730000000000000,0.000695113000000,0.000000000000000,178.014000000000010,0.000024318800000,0.000003732760000,-0.000694875000000,0.000023961200000,9.000000000000000,3005.000000000000000
90.000000000000000,1.000000000000000,0.000024803100000,0.000000000000000,8.220000000000001,0.000715259000000,0.000000000000000,178.074000000000012,0.000024549800000,0.000003546490000,-0.000715021000000,0.000023961200000,9.000000000000000,3005.000000000000000
99.000000000000000,1.000000000000000,0.000024445500000,0.000000000000000,7.992000000000000,0.000853065000000,0.000000000000000,178.385999999999996,0.000024207100000,0.000003397480000,-0.000852827000000,0.000023961200000,9.000000000000000,3005.000000000000000
99.000000000000000,1.000000000000000,0.000024154900000,0.000000000000000,7.992000000000000,0.000882868000000,0.000000000000000,178.439999999999998,0.000023923900000,0.000003352780000,-0.000882629000000,0.000023961200000,9.000000000000000,3005.000000000000000
99.000000000000000,1.000000000000000,0.000023715300000,0.000000000000000,7.998000000000000,0.000899319000000,0.000000000000000,178.463999999999998,0.000023484300000,0.000003293170000,-0.000899080000000,0.000024080400000,9.000000000000000,3005.000000000000000
108.000000000000000,1.000000000000000,0.000022471100000,0.000000000000000,8.496000000000000,0.000996239000000,0.000000000000000,178.602000000000004,0.000022225200000,0.000003315520000,-0.000996120000000,0.000024199600000,9.000000000000000,3005.000000000000000
108.000000000000000,1.000000000000000,0.000021808000000,0.000000000000000,8.916000000000000,0.001016620000000,0.000000000000000,178.638000000000005,0.000021539700000,0.000003375130000,-0.001016510000000,0.000024080400000,9.000000000000000,3005.000000000000000
108.000000000000000,1.000000000000000,0.000021360900000,0.000000000000000,8.994000000000000,0.001027710000000,0.000000000000000,178.656000000000006,0.000021100200000,0.000003337870000,-0.001027590000000,0.000024080400000,9.000000000000000,3005.000000000000000
117.000000000000000,1.000000000000000,0.000019565300000,0.000000000000000,11.400000000000000,0.001071700000000,0.000000000000000,178.698000000000007,0.000019177900000,0.000003859430000,-0.001071580000000,0.000024318800000,9.000000000000000,3005.000000000000000
117.000000000000000,1.000000000000000,0.000018850100000,0.000000000000000,12.311999999999999,0.001079810000000,0.000000000000000,178.710000000000008,0.000018418000000,0.000004015890000,-0.001079690000000,0.000024318800000,9.000000000000000,3005.000000000000000
117.000000000000000,1.000000000000000,0.000018194400000,0.000000000000000,12.756000000000000,0.001084220000000,0.000000000000000,178.716000000000008,0.000017747400000,0.000004015890000,-0.001084100000000,0.000024199600000,9.000000000000000,3005.000000000000000
126.000000000000000,1.000000000000000,0.000017002300000,0.000000000000000,12.936000000000000,0.001069310000000,0.000000000000000,178.704000000000008,0.000016570200000,0.000003799810000,-0.001069200000000,0.000024080400000,9.000000000000000,3005.000000000000000
126.000000000000000,1.000000000000000,0.000016316900000,0.000000000000000,14.406000000000001,0.001064430000000,0.000000000000000,178.698000000000007,0.000015802800000,0.000004053140000,-0.001064310000000,0.000024080400000,9.000000000000000,3005.000000000000000
126.000000000000000,1.000000000000000,0.000015735700000,0.000000000000000,15.270000000000000,0.001061570000000,0.000000000000000,178.698000000000007,0.000015184300000,0.000004142550000,-0.001061450000000,0.000024080400000,9.000000000000000,3005.000000000000000
135.000000000000000,1.000000000000000,0.000013493100000,0.000000000000000,17.238000000000000,0.000990517000000,0.000000000000000,178.596000000000003,0.000012889600000,0.000003993540000,-0.000990398000000,0.000024199600000,9.000000000000000,3005.000000000000000
135.000000000000000,1.000000000000000,0.000012904500000,0.000000000000000,16.602000000000000,0.000973109000000,0.000000000000000,178.578000000000003,0.000012360600000,0.000003680600000,-0.000972871000000,0.000024080400000,9.000000000000000,3005.000000000000000
135.000000000000000,1.000000000000000,0.000012531900000,0.000000000000000,17.045999999999999,0.000963572000000,0.000000000000000,178.572000000000003,0.000011973100000,0.000003673150000,-0.000963334000000,0.000023961200000,9.000000000000000,3005.000000000000000
144.000000000000000,1.000000000000000,0.000010170100000,0.000000000000000,18.972000000000001,0.000842337000000,0.000000000000000,178.361999999999995,0.000009618760000,0.000003300620000,-0.000842098000000,0.000023961200000,9.000000000000000,3005.000000000000000
144.000000000000000,1.000000000000000,0.000009521900000,0.000000000000000,18.521999999999998,0.000813846000000,0.000000000000000,178.307999999999993,0.000009030160000,0.000003024950000,-0.000813607000000,0.000023961200000,9.000000000000000,3005.000000000000000
144.000000000000000,1.000000000000000,0.000008978010000,0.000000000000000,18.893999999999998,0.000798110000000,0.000000000000000,178.277999999999991,0.000008486270000,0.000002905740000,-0.000797991000000,0.000023961200000,9.000000000000000,3005.000000000000000
153.000000000000000,1.000000000000000,0.000009313280000,0.000000000000000,22.949999999999999,0.000640515000000,0.000000000000000,177.882000000000005,0.000008575680000,0.000003628450000,-0.000640277000000,0.000023603600000,9.000000000000000,3005.000000000000000
153.000000000000000,1.000000000000000,0.000009298380000,0.000000000000000,22.193999999999999,0.000604276000000,0.000000000000000,177.774000000000001,0.000008612930000,0.000003509240000,-0.000603918000000,0.000023365100000,9.000000000000000,3005.000000000000000
153.000000000000000,1.000000000000000,0.000008843900000,0.000000000000000,21.809999999999999,0.000584248000000,0.000000000000000,177.695999999999998,0.000008210600000,0.000003285720000,-0.000584010000000,0.000023365100000,9.000000000000000,3005.000000000000000
162.000000000000000,1.000000000000000,0.000007994530000,0.000000000000000,19.884000000000000,0.000405552000000,0.000000000000000,176.693999999999988,0.000007517660000,0.000002719480000,-0.000404956000000,0.000023365100000,9.000000000000000,3005.000000000000000
162.000000000000000,1.000000000000000,0.000007942380000,0.000000000000000,17.021999999999998,0.000365021000000,0.000000000000000,176.334000000000003,0.000007599620000,0.000002324600000,-0.000364425000000,0.000023245900000,9.000000000000000,3005.000000000000000
162.000000000000000,1.000000000000000,0.000007718860000,0.000000000000000,16.446000000000001,0.000342609000000,0.000000000000000,176.093999999999994,0.000007405910000,0.000002183030000,-0.000341894000000,0.000023245900000,9.000000000000000,3005.000000000000000
171.000000000000000,1.000000000000000,0.000003494340000,0.000000000000000,63.923999999999999,0.000164629000000,0.000000000000000,171.978000000000008,0.000001534830000,0.000003144160000,-0.000163198000000,0.000022888300000,9.000000000000000,3005.000000000000000
171.000000000000000,1.000000000000000,0.000003144160000,0.000000000000000,104.213999999999999,0.000125290000000,0.000000000000000,169.457999999999998,-0.000000774864000,0.000003047300000,-0.000123263000000,0.000022888300000,9.000000000000000,3005.000000000000000
171.000000000000000,1.000000000000000,0.000003986090000,0.000000000000000,123.635999999999996,0.000103832000000,0.000000000000000,167.250000000000000,-0.000002220290000,0.000003322970000,-0.000101328000000,0.000022888300000,9.000000000000000,3005.000000000000000
180.000000000000000,1.000000000000000,0.000004880160000,0.000000000000000,120.480000000000004,0.000066161600000,0.000000000000000,20.154000000000000,-0.000002481060000,0.000004209610000,0.000062108500000,0.000022769100000,9.000000000000000,3005.000000000000000
180.000000000000000,1.000000000000000,0.000004835460000,0.000000000000000,117.552000000000007,0.000100375000000,0.000000000000000,13.116000000000000,-0.000002242640000,0.000004291560000,0.000097752100000,0.000022769100000,9.000000000000000,3005.000000000000000
180.000000000000000,1.000000000000000,0.000004738600000,0.000000000000000,117.215999999999994,0.000119925000000,0.000000000000000,10.992000000000001,-0.000002168130000,0.000004209610000,0.000117660000000,0.000022769100000,9.000000000000000,3005.000000000000000
189.000000000000000,1.000000000000000,0.000005900890000,0.000000000000000,61.469999999999999,0.000250818000000,0.000000000000000,5.262000000000000,0.000002816330000,0.000005185630000,0.000249745000000,0.000022888300000,9.000000000000000,3005.000000000000000
189.000000000000000,1.000000000000000,0.000007346300000,0.000000000000000,45.072000000000003,0.000279309000000,0.000000000000000,4.680000000000000,0.000005193080000,0.000005200530000,0.000278356000000,0.000022769100000,9.000000000000000,3005.000000000000000
189.000000000000000,1.000000000000000,0.000008545870000,0.000000000000000,37.841999999999999,0.000295045000000,0.000000000000000,4.416000000000000,0.000006750260000,0.000005245240000,0.000294210000000,0.000022649900000,9.000000000000000,3005.000000000000000
198.000000000000000,1.000000000000000,0.000012867200000,0.000000000000000,21.515999999999998,0.000384213000000,0.000000000000000,3.402000000000000,0.000011965700000,0.000004716250000,0.000383498000000,0.000022769100000,9.000000000000000,3005.000000000000000
198.000000000000000,1.000000000000000,0.000013955000000,0.000000000000000,20.262000000000000,0.000402691000000,0.000000000000000,3.246000000000000,0.000013090700000,0.000004828010000,0.000401976000000,0.000022769100000,9.000000000000000,3005.000000000000000
198.000000000000000,1.000000000000000,0.000014655400000,0.000000000000000,19.553999999999998,0.000412704000000,0.000000000000000,3.168000000000000,0.000013806000000,0.000004902510000,0.000412108000000,0.000022769100000,9.000000000000000,3005.000000000000000
207.000000000000000,1.000000000000000,0.000017054500000,0.000000000000000,18.192000000000000,0.000449540000000,0.000000000000000,2.874000000000000,0.000016205100000,0.000005319740000,0.000449063000000,0.000022530700000,9.000000000000000,3005.000000000000000
207.000000000000000,1.000000000000000,0.000017665400000,0.000000000000000,17.268000000000001,0.000456335000000,0.000000000000000,2.820000000000000,0.000016875700000,0.000005245240000,0.000455858000000,0.000022411500000,9.000000000000000,3005.000000000000000
207.000000000000000,1.000000000000000,0.000018142300000,0.000000000000000,16.212000000000000,0.000460031000000,0.000000000000000,2.790000000000000,0.000017419600000,0.000005066420000,0.000459554000000,0.000022292300000,9.000000000000000,3005.000000000000000
216.000000000000000,1.000000000000000,0.000019483400000,0.000000000000000,13.632000000000000,0.000443580000000,0.000000000000000,2.928000000000000,0.000018932000000,0.000004589590000,0.000442984000000,0.000022649900000,9.000000000000000,3005.000000000000000
216.000000000000000,1.000000000000000,0.000020258200000,0.000000000000000,13.026000000000000,0.000438334000000,0.000000000000000,2.982000000000000,0.000019736700000,0.000004559780000,0.000437738000000,0.000022769100000,9.000000000000000,3005.000000000000000
216.000000000000000,1.000000000000000,0.000020675500000,0.000000000000000,12.114000000000001,0.000435473000000,0.000000000000000,2.994000000000000,0.000020213500000,0.000004336270000,0.000434877000000,0.000022649900000,9.000000000000000,3005.000000000000000
225.000000000000000,1.000000000000000,0.000020690400000,0.000000000000000,13.013999999999999,0.000367166000000,0.000000000000000,3.570000000000000,0.000020153900000,0.000004656640000,0.000366451000000,0.000022769100000,9.000000000000000,3005.000000000000000
225.000000000000000,1.000000000000000,0.000020645700000,0.000000000000000,14.568000000000000,0.000350239000000,0.000000000000000,3.756000000000000,0.000019982600000,0.000005193080000,0.000349523000000,0.000022888300000,9.000000000000000,3005.000000000000000
225.000000000000000,1.000000000000000,0.000020429600000,0.000000000000000,15.630000000000001,0.000340940000000,0.000000000000000,3.858000000000000,0.000019677100000,0.000005506010000,0.000340106000000,0.000022888300000,9.000000000000000,3005.000000000000000
234.000000000000000,1.000000000000000,0.000018112500000,0.000000000000000,16.385999999999999,0.000226737000000,0.000000000000000,5.820000000000000,0.000017382300000,0.000005111130000,0.000225545000000,0.000022888300000,9.000000000000000,3005.000000000000000
234.000000000000000,1.000000000000000,0.000016905500000,0.000000000000000,17.172000000000001,0.000199915000000,0.000000000000000,6.624000000000000,0.000016153000000,0.000004991920000,0.000198604000000,0.000023007500000,9.000000000000000,3005.000000000000000
234.000000000000000,1.000000000000000,0.000016071000000,0.000000000000000,16.956000000000000,0.000185133000000,0.000000000000000,7.158000000000000,0.000015370700000,0.000004686440000,0.000183702000000,0.000023007500000,9.000000000000000,3005.000000000000000
243.000000000000000,1.000000000000000,0.000014133800000,0.000000000000000,19.614000000000001,0.000042677200000,0.000000000000000,33.216000000000001,0.000013314200000,0.000004746050000,0.000035643800000,0.000023365100000,9.000000000000000,3005.000000000000000
243.000000000000000,1.000000000000000,0.000013321700000,0.000000000000000,17.501999999999999,0.000023365100000,0.000000000000000,85.926000000000002,0.000012703300000,0.000004000990000,0.000001549730000,0.000023365100000,9.000000000000000,3005.000000000000000
243.000000000000000,1.000000000000000,0.000012762900000,0.000000000000000,15.252000000000001,0.000028848800000,0.000000000000000,126.180000000000007,0.000012315900000,0.000003352780000,-0.000017166300000,0.000023245900000,9.000000000000000,3005.000000000000000
252.000000000000000,1.000000000000000,0.000016756500000,0.000000000000000,8.808000000000000,0.000189544000000,0.000000000000000,172.872000000000014,0.000016555300000,0.000002563010000,-0.000188232000000,0.000023484300000,9.000000000000000,3005.000000000000000
252.000000000000000,1.000000000000000,0.000018045400000,0.000000000000000,7.038000000000000,0.000228048000000,0.000000000000000,174.078000000000003,0.000017918800000,0.000002212840000,-0.000226975000000,0.000023484300000,9.000000000000000,3005.000000000000000
252.000000000000000,1.000000000000000,0.000018991600000,0.000000000000000,6.978000000000000,0.000249626000000,0.000000000000000,174.587999999999994,0.000018850100000,0.000002302240000,-0.000248553000000,0.000023484300000,9.000000000000000,3005.000000000000000
261.000000000000000,1.000000000000000,0.000021822900000,0.000000000000000,6.312000000000000,0.000425341000000,0.000000000000000,176.813999999999993,0.000021688800000,0.000002399100000,-0.000424864000000,0.000023603600000,9.000000000000000,3005.000000000000000
261.000000000000000,1.000000000000000,0.000022173000000,0.000000000000000,6.834000000000000,0.000464799000000,0.000000000000000,177.066000000000002,0.000022016600000,0.000002637520000,-0.000464322000000,0.000023722800000,9.000000000000000,3005.000000000000000
261.000000000000000,1.000000000000000,0.000022396600000,0.000000000000000,7.164000000000000,0.000486495000000,0.000000000000000,177.186000000000007,0.000022225200000,0.000002786530000,-0.000486018000000,0.000023842000000,9.000000000000000,3005.000000000000000
270.000000000000000,1.000000000000000,0.000021301300000,0.000000000000000,8.694000000000001,0.000654463000000,0.000000000000000,177.912000000000006,0.000021055500000,0.000003218670000,-0.000653986000000,0.000023842000000,9.000000000000000,3005.000000000000000
270.000000000000000,1.000000000000000,0.000020578600000,0.000000000000000,8.868000000000000,0.000691298000000,0.000000000000000,178.026000000000010,0.000020325300000,0.000003166510000,-0.000691060000000,0.000023722800000,9.000000000000000,3005.000000000000000
270.000000000000000,1.000000000000000,0.000020273100000,0.000000000000000,8.928000000000001,0.000711683000000,0.000000000000000,178.086000000000013,0.000020027300000,0.000003144160000,-0.000711445000000,0.000023722800000,9.000000000000000,3005.000000000000000
279.000000000000000,1.000000000000000,0.000019729300000,0.000000000000000,9.257999999999999,0.000849728000000,0.000000000000000,178.379999999999995,0.000019468500000,0.000003166510000,-0.000849489000000,0.000023961200000,9.000000000000000,3005.000000000000000
279.000000000000000,1.000000000000000,0.000019386500000,0.000000000000000,9.756000000000000,0.000879411000000,0.000000000000000,178.427999999999997,0.000019110900000,0.000003285720000,-0.000879172000000,0.000024080400000,9.000000000000000,3005.000000000000000
279.000000000000000,1.000000000000000,0.000019274800000,0.000000000000000,9.978000000000000,0.000895862000000,0.000000000000000,178.451999999999998,0.000018984200000,0.000003337870000,-0.000895623000000,0.000024080400000,9.000000000000000,3005.000000000000000
288.000000000000000,1.000000000000000,0.000019438700000,0.000000000000000,10.746000000000000,0.000993378000000,0.000000000000000,178.590000000000003,0.000019103400000,0.000003621000000,-0.000993259000000,0.000024318800000,9.000000000000000,3005.000000000000000
288.000000000000000,1.000000000000000,0.000019580200000,0.000000000000000,11.843999999999999,0.001014120000000,0.000000000000000,178.626000000000005,0.000019163000000,0.000004015890000,-0.001013880000000,0.000024318800000,9.000000000000000,3005.000000000000000
288.000000000000000,1.000000000000000,0.000019572800000,0.000000000000000,11.646000000000001,0.001025450000000,0.000000000000000,178.638000000000005,0.000019177900000,0.000003948840000,-0.001025330000000,0.000024318800000,9.000000000000000,3005.000000000000000
297.000000000000000,1.000000000000000,0.000021279000000,0.000000000000000,9.318000000000000,0.001071220000000,0.000000000000000,178.686000000000007,0.000021003300000,0.000003442180000,-0.001071100000000,0.000024438000000,9.000000000000000,3005.000000000000000
297.000000000000000,1.000000000000000,0.000021733500000,0.000000000000000,9.246000000000000,0.001079690000000,0.000000000000000,178.698000000000007,0.000021457800000,0.000003486890000,-0.001079570000000,0.000024438000000,9.000000000000000,3005.000000000000000
297.000000000000000,1.000000000000000,0.000021934600000,0.000000000000000,9.534000000000001,0.001084340000000,0.000000000000000,178.710000000000008,0.000021636600000,0.000003628450000,-0.001084100000000,0.000024438000000,9.000000000000000,3005.000000000000000
306.000000000000000,1.000000000000000,0.000024125100000,0.000000000000000,8.981999999999999,0.001072060000000,0.000000000000000,178.698000000000007,0.000023827100000,0.000003762560000,-0.001071820000000,0.000024318800000,9.000000000000000,3005.000000000000000
306.000000000000000,1.000000000000000,0.000024803100000,0.000000000000000,8.394000000000000,0.001067410000000,0.000000000000000,178.692000000000007,0.000024534900000,0.000003613550000,-0.001067290000000,0.000024318800000,9.000000000000000,3005.000000000000000
306.000000000000000,1.000000000000000,0.000025108600000,0.000000000000000,8.273999999999999,0.001065020000000,0.000000000000000,178.692000000000007,0.000024847800000,0.000003606100000,-0.001064900000000,0.000024199600000,9.000000000000000,3005.000000000000000
315.000000000000000,1.000000000000000,0.000028126100000,0.000000000000000,8.189999999999999,0.000996001000000,0.000000000000000,178.608000000000004,0.000027842900000,0.000004000990000,-0.000995882000000,0.000024080400000,9.000000000000000,3005.000000000000000
315.000000000000000,1.000000000000000,0.000029146800000,0.000000000000000,8.045999999999999,0.000979073000000,0.000000000000000,178.590000000000003,0.000028863700000,0.000004075500000,-0.000978835000000,0.000024080400000,9.000000000000000,3005.000000000000000
315.000000000000000,1.000000000000000,0.000029556600000,0.000000000000000,8.039999999999999,0.000969771000000,0.000000000000000,178.572000000000003,0.000029258500000,0.000004127650000,-0.000969533000000,0.000024080400000,9.000000000000000,3005.000000000000000
324.000000000000000,1.000000000000000,0.000032358100000,0.000000000000000,5.496000000000000,0.000850562000000,0.000000000000000,178.367999999999995,0.000032209100000,0.000003099460000,-0.000850324000000,0.000024080400000,9.000000000000000,3005.000000000000000
324.000000000000000,1.000000000000000,0.000033207500000,0.000000000000000,4.824000000000000,0.000822309000000,0.000000000000000,178.313999999999993,0.000033088300000,0.000002786530000,-0.000822190000000,0.000024080400000,9.000000000000000,3005.000000000000000
324.000000000000000,1.000000000000000,0.000033676900000,0.000000000000000,4.428000000000000,0.000806812000000,0.000000000000000,178.289999999999992,0.000033572500000,0.000002592820000,-0.000806574000000,0.000023961200000,9.000000000000000,3005.000000000000000
333.000000000000000,1.000000000000000,0.000036441000000,0.000000000000000,4.572000000000000,0.000650410000000,0.000000000000000,177.918000000000006,0.000036329300000,0.000002905740000,-0.000650052000000,0.000023603600000,9.000000000000000,3005.000000000000000
333.000000000000000,1.000000000000000,0.000037521400000,0.000000000000000,4.302000000000000,0.000614408000000,0.000000000000000,177.792000000000001,0.000037417000000,0.000002808880000,-0.000614051000000,0.000023603600000,9.000000000000000,3005.000000000000000
333.000000000000000,1.000000000000000,0.000038221700000,0.000000000000000,4.200000000000000,0.000594381000000,0.000000000000000,177.719999999999999,0.000038124900000,0.000002793980000,-0.000594143000000,0.000023603600000,9.000000000000000,3005.000000000000000
342.000000000000000,1.000000000000000,0.000038646400000,0.000000000000000,3.876000000000000,0.000415327000000,0.000000000000000,176.741999999999990,0.000038564400000,0.000002607720000,-0.000414731000000,0.000023484300000,9.000000000000000,3005.000000000000000
342.000000000000000,1.000000000000000,0.000038564400000,0.000000000000000,3.540000000000000,0.000374796000000,0.000000000000000,176.400000000000006,0.000038489900000,0.000002376750000,-0.000374200000000,0.000023484300000,9.000000000000000,3005.000000000000000
342.000000000000000,1.000000000000000,0.000038467600000,0.000000000000000,3.534000000000000,0.000352504000000,0.000000000000000,176.195999999999998,0.000038393100000,0.000002369300000,-0.000351788000000,0.000023365100000,9.000000000000000,3005.000000000000000
351.000000000000000,1.000000000000000,0.000032663600000,0.000000000000000,4.224000000000000,0.000174046000000,0.000000000000000,172.325999999999993,0.000032574200000,0.000002406550000,-0.000172616000000,0.000023245900000,9.000000000000000,3005.000000000000000
351.000000000000000,1.000000000000000,0.000030115400000,0.000000000000000,4.866000000000000,0.000134707000000,0.000000000000000,170.087999999999994,0.000030011100000,0.000002548110000,-0.000132800000000,0.000023126700000,9.000000000000000,3005.000000000000000
351.000000000000000,1.000000000000000,0.000028625200000,0.000000000000000,5.400000000000000,0.000113011000000,0.000000000000000,168.192000000000007,0.000028498600000,0.000002689670000,-0.000110746000000,0.000023126700000,9.000000000000000,3005.000000000000000
360.000000000000000,1.000000000000000,0.000026054800000,0.000000000000000,8.460000000000001,0.000059724100000,0.000000000000000,22.643999999999998,0.000025771700000,0.000003829630000,0.000055074900000,0.000022888300000,9.000000000000000,3005.000000000000000
360.000000000000000,1.000000000000000,0.000025220300000,0.000000000000000,9.108000000000001,0.000094175800000,0.000000000000000,14.172000000000001,0.000024900000000,0.000003986090000,0.000091314800000,0.000023007500000,9.000000000000000,3005.000000000000000
360.000000000000000,1.000000000000000,0.000024721100000,0.000000000000000,9.702000000000000,0.000113488000000,0.000000000000000,11.712000000000000,0.000024371000000,0.000004164900000,0.000111223000000,0.000023007500000,9.000000000000000,3005.000000000000000
